           1         0.5     63.1307     63.1307           0
           2         0.5     69.8683     66.4995     3.36883
           3         0.5      70.867     67.9553     2.42949
           4         0.5     70.8544     68.6801     1.86453
           5         0.5     74.5442     69.8529     1.86048
           6         0.5     69.0851     69.7249     1.52446
           7         0.5      78.977     71.0467     1.84579
           8         0.5     75.0552     71.5477     1.67519
           9         0.5     64.5392      70.769     1.67005
          10         0.5     72.8726     70.9794     1.50848
          11         0.5     68.0695     70.7148     1.38988
          12         0.5      82.946     71.7341     1.62748
          13         0.5     82.5771     72.5682     1.71373
          14         0.5     76.0473     72.8167     1.60595
          15         0.5     79.6036     73.2691     1.56203
          16         0.5     88.9451     74.2489     1.75922
          17         0.5     83.8241     74.8121     1.74585
          18         0.5     67.1883     74.3886     1.69962
          19         0.5     83.4994     74.8681     1.67767
          20         0.5     77.4375     74.9966     1.59675
           1       0.575     46.7092     46.7092           0
           2       0.575     52.5074     49.6083      2.8991
           3       0.575     56.8658     52.0275     2.94178
           4       0.575     41.3529     49.3588      3.3836
           5       0.575     52.2712     49.9413     2.68487
           6       0.575     44.0456     48.9587     2.40233
           7       0.575     42.4818     48.0334     2.23123
           8       0.575     49.4875     48.2152     1.94083
           9       0.575     49.4179     48.3488     1.71686
          10       0.575     41.4462     47.6585     1.68361
          11       0.575     42.8649     47.2228     1.58401
          12       0.575     58.6203     48.1725     1.73003
          13       0.575     57.4041     48.8827     1.74265
          14       0.575     54.8345     49.3078     1.66845
          15       0.575     42.1457     48.8303     1.62497
          16       0.575     49.7773     48.8895     1.52118
          17       0.575     52.3408     49.0925     1.44325
          18       0.575     59.7267     49.6833     1.48342
          19       0.575      52.973     49.8564     1.41382
          20       0.575     49.9191     49.8596     1.34127
           1        0.65     31.2508     31.2508           0
           2        0.65     31.9716     31.6112    0.360425
           3        0.65     38.4348     33.8857     2.28403
           4        0.65     30.8008     33.1145     1.78974
           5        0.65     32.3503     32.9616     1.39473
           6        0.65     33.8102     33.1031     1.14754
           7        0.65     31.3052     32.8462     1.00328
           8        0.65     32.7899     32.8392    0.868895
           9        0.65     27.6306     32.2605    0.960281
          10        0.65     32.7302     32.3074    0.860185
          11        0.65     33.7499     32.4386     0.78904
          12        0.65      38.069     32.9078    0.859633
          13        0.65     32.4119     32.8696    0.791667
          14        0.65     26.5518     32.4184    0.860726
          15        0.65     29.3152     32.2115    0.827568
          16        0.65     33.1088     32.2676    0.776147
          17        0.65     33.9214     32.3648    0.735526
          18        0.65     40.1126     32.7953    0.816186
          19        0.65     29.7427     32.6346    0.788575
          20        0.65     36.9001     32.8479    0.777915
           1       0.725      24.646      24.646           0
           2       0.725     18.8402     21.7431      2.9029
           3       0.725     24.0282     22.5048     1.84096
           4       0.725     19.9541     21.8671     1.44955
           5       0.725     23.6808     22.2298     1.17995
           6       0.725      18.999     21.6914     1.10369
           7       0.725     21.3781     21.6466    0.933865
           8       0.725     22.9968     21.8154    0.826174
           9       0.725     19.0161     21.5044    0.792226
          10       0.725     20.6821     21.4221    0.713344
          11       0.725     21.8644     21.4623    0.646495
          12       0.725     25.9444     21.8358    0.698427
          13       0.725     19.0794     21.6238    0.676544
          14       0.725     18.1855     21.3782    0.672785
          15       0.725     23.0774     21.4915     0.63649
          16       0.725     17.8698     21.2651    0.636959
          17       0.725     21.7603     21.2943    0.599027
          18       0.725     26.6816     21.5936    0.639173
          19       0.725     18.7196     21.4423    0.623232
          20       0.725     19.5238     21.3464    0.598981
           1         0.8      17.472      17.472           0
           2         0.8     14.2235     15.8477     1.62423
           3         0.8     13.8595      15.185      1.1483
           4         0.8     13.9456     14.8751    0.869081
           5         0.8     15.9565     15.0914    0.707073
           6         0.8     14.3847     14.9736    0.589215
           7         0.8     14.7247     14.9381    0.499246
           8         0.8     15.0667     14.9542    0.432658
           9         0.8     13.9133     14.8385     0.39871
          10         0.8     14.7098     14.8256    0.356849
          11         0.8     16.2359     14.9538    0.347311
          12         0.8     17.6752     15.1806    0.389809
          13         0.8     14.6908     15.1429    0.360547
          14         0.8     13.1679     15.0019    0.362388
          15         0.8     17.6122     15.1759    0.379604
          16         0.8     13.8623     15.0938    0.364455
          17         0.8     16.1464     15.1557      0.3479
          18         0.8     15.5637     15.1784    0.328786
          19         0.8     12.9246     15.0598    0.332853
          20         0.8     15.9326     15.1034    0.318774
           1       0.875     11.6362     11.6362           0
           2       0.875     11.8678      11.752    0.115813
           3       0.875     9.92719     11.1437    0.611932
           4       0.875     10.3006     10.9329    0.481315
           5       0.875     12.6765     11.2816    0.510486
           6       0.875     9.28199     10.9484    0.533669
           7       0.875     10.8301     10.9315    0.451349
           8       0.875     10.9856     10.9382    0.390938
           9       0.875     10.6381     10.9049    0.346384
          10       0.875     10.8781     10.9022    0.309827
          11       0.875     12.0226     11.0041    0.298185
          12       0.875     11.0611     11.0088    0.272246
          13       0.875     9.75423     10.9123    0.268381
          14       0.875     10.3974     10.8755     0.25118
          15       0.875     11.7036     10.9307    0.240264
          16       0.875       11.55     10.9694    0.228055
          17       0.875     10.9909     10.9707    0.214224
          18       0.875     12.4481     11.0528    0.218012
          19       0.875     10.3946     11.0181    0.209109
          20       0.875     9.94107     10.9643    0.205558
           1        0.95     9.55244     9.55244           0
           2        0.95     8.15703     8.85473    0.697705
           3        0.95     8.31945     8.67631    0.440568
           4        0.95     7.61709      8.4115    0.408865
           5        0.95     9.09796     8.54879    0.345183
           6        0.95     7.75063     8.41577    0.311658
           7        0.95     8.16884     8.38049    0.265751
           8        0.95     7.95729     8.32759    0.236148
           9        0.95     8.92976      8.3945    0.218747
          10        0.95     8.27426     8.38247    0.196022
          11        0.95     8.71119     8.41236    0.179809
          12        0.95      8.1378     8.38948     0.16573
          13        0.95     8.25789     8.37936    0.152785
          14        0.95     8.35508     8.37762    0.141462
          15        0.95     9.29072      8.4385    0.145082
          16        0.95     9.54295     8.50752    0.152258
          17        0.95     7.91673     8.47277    0.147183
          18        0.95     9.15679     8.51077    0.143875
          19        0.95     9.09205     8.54137    0.139489
          20        0.95     7.28942     8.47877    0.146389
           1       1.025     7.43668     7.43668           0
           2       1.025     6.77747     7.10708    0.329608
           3       1.025     6.60027     6.93814    0.254465
           4       1.025     6.72916      6.8859    0.187365
           5       1.025     7.15946     6.94061    0.155103
           6       1.025     7.26435     6.99457    0.137657
           7       1.025     6.33509     6.90036    0.149702
           8       1.025     6.43824     6.84259    0.141933
           9       1.025      6.7416     6.83137    0.125675
          10       1.025     6.73453     6.82169    0.112823
          11       1.025     6.79779     6.81951    0.102076
          12       1.025      6.9015     6.82635   0.0934321
          13       1.025     6.72424     6.81849   0.0863032
          14       1.025     6.53298      6.7981   0.0824628
          15       1.025     6.71043     6.79225   0.0769908
          16       1.025     7.07312     6.80981   0.0741268
          17       1.025     6.71812     6.80441   0.0698385
          18       1.025      7.0577     6.81849   0.0673312
          19       1.025     7.18364      6.8377   0.0665255
          20       1.025     5.88286     6.78996   0.0791352
           1         1.1      6.0962      6.0962           0
           2         1.1     5.44045     5.76833    0.327876
           3         1.1     5.97488     5.83718    0.201432
           4         1.1     5.82988     5.83535    0.142445
           5         1.1     5.74702     5.81769    0.111743
           6         1.1     6.30929     5.89962    0.122628
           7         1.1     5.62542     5.86045    0.110795
           8         1.1     5.35895     5.79776    0.114615
           9         1.1     5.33649     5.74651    0.113332
          10         1.1     5.51355     5.72321     0.10401
          11         1.1     5.62767     5.71453   0.0944802
          12         1.1     5.96961     5.73578   0.0888291
          13         1.1     5.39108     5.70927   0.0859054
          14         1.1     5.49683     5.69409   0.0809675
          15         1.1     5.28185     5.66661   0.0802305
          16         1.1     5.40711     5.65039   0.0767813
          17         1.1     5.52965     5.64329   0.0724723
          18         1.1     5.73525      5.6484   0.0685183
          19         1.1     5.30097     5.63011   0.0673419
          20         1.1     4.98481     5.59785   0.0715716
           1       1.175     4.73081     4.73081           0
           2       1.175     4.39402     4.56241    0.168395
           3       1.175     5.06268     4.72917    0.193028
           4       1.175     4.79153     4.74476    0.137379
           5       1.175     4.82322     4.76045    0.107564
           6       1.175     4.88711     4.78156   0.0903275
           7       1.175     4.71388     4.77189   0.0769505
           8       1.175     4.73315     4.76705   0.0668168
           9       1.175     4.40134     4.72642   0.0715787
          10       1.175     4.70141     4.72391   0.0640708
          11       1.175     4.82279      4.7329   0.0586472
          12       1.175     4.64851     4.72587   0.0539973
          13       1.175     4.87617     4.73743   0.0509981
          14       1.175      4.6246     4.72937    0.047898
          15       1.175     4.51476     4.71507   0.0468297
          16       1.175     4.79142     4.71984   0.0440644
          17       1.175     4.55875     4.71036   0.0424621
          18       1.175     4.71389     4.71056   0.0400341
          19       1.175     4.76733     4.71355   0.0379862
          20       1.175      4.1034     4.68304    0.047216
           1        1.25     3.89067     3.89067           0
           2        1.25      3.9238     3.90724   0.0165664
           3        1.25     4.20929     4.00792    0.101139
           4        1.25     4.09698     4.03019   0.0749018
           5        1.25     4.04044     4.03224   0.0580549
           6        1.25     4.03769     4.03315   0.0474103
           7        1.25     3.96266     4.02308   0.0413148
           8        1.25     3.90536     4.00836   0.0386871
           9        1.25     3.98518     4.00579   0.0342159
          10        1.25     4.09324     4.01453   0.0318287
          11        1.25     3.98902     4.01221   0.0288834
          12        1.25     3.95962     4.00783   0.0267285
          13        1.25     3.98673     4.00621   0.0246402
          14        1.25     4.21988     4.02147   0.0274473
          15        1.25      4.0404     4.02273   0.0255831
          16        1.25     4.17796     4.03243   0.0258226
          17        1.25     3.79852     4.01867    0.027887
          18        1.25     4.01316     4.01837   0.0262939
          19        1.25     4.13095     4.02429   0.0255676
          20        1.25     3.51944     3.99905   0.0350074
           1       1.325     3.28789     3.28789           0
           2       1.325     3.45203     3.36996    0.082074
           3       1.325     3.50889     3.41627   0.0662573
           4       1.325     3.43568     3.42112   0.0471017
           5       1.325     3.35059     3.40702   0.0391168
           6       1.325     3.40592     3.40683   0.0319392
           7       1.325     3.38617     3.40388   0.0271545
           8       1.325     3.32721      3.3943   0.0253945
           9       1.325      3.4522     3.40073   0.0233015
          10       1.325     3.46916     3.40757    0.021936
          11       1.325     3.45613     3.41199    0.020327
          12       1.325     3.44304     3.41458   0.0187355
          13       1.325     3.40793     3.41406   0.0172417
          14       1.325     3.58517     3.42629   0.0201044
          15       1.325     3.38007      3.4232   0.0189681
          16       1.325     3.54955      3.4311    0.019421
          17       1.325     3.24949     3.42042   0.0211408
          18       1.325     3.45393     3.42228   0.0200185
          19       1.325     3.58178     3.43067    0.020713
          20       1.325     3.17574     3.41793   0.0234223
           1         1.4     2.95331     2.95331           0
           2         1.4     2.96375     2.95853  0.00521714
           3         1.4     2.98534     2.96747  0.00943109
           4         1.4     2.96802     2.96761  0.00667022
           5         1.4     2.93345     2.96078  0.00856502
           6         1.4     2.85478     2.94311   0.0189994
           7         1.4     2.97319     2.94741   0.0166224
           8         1.4     2.93099     2.94536    0.014541
           9         1.4     2.96974     2.94806    0.013107
          10         1.4     3.08155     2.96141   0.0177656
          11         1.4     3.00402     2.96529   0.0165297
          12         1.4     3.08483     2.97525   0.0180813
          13         1.4     3.05607     2.98146   0.0177563
          14         1.4     3.16539      2.9946   0.0210437
          15         1.4     3.03061       2.997   0.0197372
          16         1.4     3.12036     3.00471   0.0200076
          17         1.4     2.88727      2.9978   0.0200232
          18         1.4     3.06032     3.00128   0.0191949
          19         1.4      2.9607     2.99914   0.0182818
          20         1.4     2.77689     2.98803   0.0205983
           1       1.475     2.56817     2.56817           0
           2       1.475     2.58351     2.57584  0.00767186
           3       1.475     2.61748     2.58972   0.0145681
           4       1.475      2.6355     2.60116   0.0153991
           5       1.475     2.55159     2.59125   0.0155111
           6       1.475     2.52725     2.58058   0.0165586
           7       1.475     2.64921     2.59039   0.0170869
           8       1.475     2.61795     2.59383   0.0151935
           9       1.475      2.6558     2.60072   0.0150652
          10       1.475     2.76845     2.61749   0.0215154
          11       1.475     2.64982     2.62043   0.0196821
          12       1.475     2.71385     2.62821   0.0195813
          13       1.475     2.68535     2.63261   0.0185407
          14       1.475     2.78418     2.64344   0.0202945
          15       1.475      2.6642     2.64482   0.0189438
          16       1.475     2.69671     2.64806   0.0180146
          17       1.475     2.55578     2.64264   0.0177712
          18       1.475     2.72784     2.64737   0.0174106
          19       1.475     2.64975     2.64749   0.0164693
          20       1.475      2.5421     2.64222   0.0164889
           1        1.55     2.21065     2.21065           0
           2        1.55     2.38019     2.29542    0.084769
           3        1.55     2.36878     2.31987   0.0547108
           4        1.55     2.26214     2.30544   0.0412907
           5        1.55     2.37198     2.31875   0.0346419
           6        1.55     2.27091     2.31077   0.0293874
           7        1.55     2.31555     2.31146   0.0248462
           8        1.55     2.34191     2.31526   0.0218516
           9        1.55     2.30431     2.31405   0.0193097
          10        1.55       2.475     2.33014   0.0236082
          11        1.55     2.40496     2.33694   0.0224115
          12        1.55     2.31212     2.33487   0.0205632
          13        1.55     2.38811     2.33897   0.0193535
          14        1.55     2.52445     2.35222   0.0222842
          15        1.55     2.40667     2.35585   0.0210607
          16        1.55     2.36241     2.35626   0.0197048
          17        1.55     2.38342     2.35786   0.0185782
          18        1.55     2.41893     2.36125   0.0178414
          19        1.55      2.3768     2.36207   0.0168961
          20        1.55     2.30603     2.35927    0.016272
           1       1.625       2.029       2.029           0
           2       1.625     2.14254     2.08577   0.0567729
           3       1.625     2.10325      2.0916   0.0332915
           4       1.625     2.08074     2.08888   0.0236966
           5       1.625     2.12002     2.09511    0.019383
           6       1.625     2.05263     2.08803   0.0173377
           7       1.625     2.15895     2.09816   0.0178144
           8       1.625      2.0441      2.0914   0.0168427
           9       1.625     2.07673     2.08977   0.0149431
          10       1.625     2.20083     2.10088   0.0173773
          11       1.625     2.09214     2.10008   0.0157384
          12       1.625     2.10577     2.10056   0.0143749
          13       1.625     2.16947     2.10586    0.014246
          14       1.625     2.16385        2.11   0.0138244
          15       1.625     2.13559     2.11171   0.0129824
          16       1.625     2.02573     2.10633   0.0132796
          17       1.625      2.1093     2.10651   0.0124752
          18       1.625     2.18708     2.11098   0.0125847
          19       1.625     2.17481     2.11434   0.0123689
          20       1.625     2.07468     2.11236   0.0119006
           1         1.7     1.81061     1.81061           0
           2         1.7     1.93833     1.87447   0.0638612
           3         1.7     1.89149     1.88014   0.0373044
           4         1.7     1.92953     1.89249   0.0291247
           5         1.7     1.94873     1.90374   0.0252085
           6         1.7     1.82655     1.89087   0.0242726
           7         1.7     1.95238     1.89966   0.0223165
           8         1.7     1.84944     1.89338   0.0203207
           9         1.7     1.83035     1.88638   0.0192411
          10         1.7     1.97957      1.8957   0.0195711
          11         1.7       1.872     1.89354   0.0178333
          12         1.7     1.86123     1.89085   0.0165007
          13         1.7     1.96014     1.89618   0.0160871
          14         1.7     1.93258     1.89878    0.015119
          15         1.7      1.9166     1.89997   0.0141251
          16         1.7     1.83382     1.89583   0.0138445
          17         1.7     1.91921     1.89721   0.0130772
          18         1.7     1.95947     1.90067   0.0128053
          19         1.7     1.93143     1.90229   0.0122203
          20         1.7     1.83979     1.89916   0.0120069
           1       1.775     1.65874     1.65874           0
           2       1.775     1.81107      1.7349    0.076169
           3       1.775     1.72336     1.73106   0.0441443
           4       1.775     1.73849     1.73291     0.03127
           5       1.775     1.76075     1.73848   0.0248533
           6       1.775     1.72545     1.73631   0.0204086
           7       1.775     1.77094     1.74126   0.0179438
           8       1.775     1.64755     1.72954   0.0194599
           9       1.775     1.64453      1.7201   0.0195896
          10       1.775     1.78499     1.72659   0.0186846
          11       1.775     1.72878     1.72679    0.016902
          12       1.775     1.70757     1.72518   0.0155123
          13       1.775     1.76931     1.72858   0.0146674
          14       1.775     1.73872      1.7293   0.0135987
          15       1.775     1.74989     1.73068   0.0127338
          16       1.775     1.67996     1.72751   0.0123259
          17       1.775     1.76787     1.72988   0.0118191
          18       1.775     1.73439     1.73013    0.011146
          19       1.775     1.76166     1.73179   0.0106728
          20       1.775     1.68919     1.72966   0.0103467
           1        1.85     1.53785     1.53785           0
           2        1.85     1.64322     1.59053   0.0526832
           3        1.85      1.5921     1.59105   0.0304211
           4        1.85     1.56265     1.58395   0.0226527
           5        1.85     1.63119      1.5934   0.0199285
           6        1.85     1.57988     1.59115   0.0164269
           7        1.85     1.60908     1.59371   0.0141176
           8        1.85      1.5305     1.58581   0.0145571
           9        1.85     1.51363     1.57779   0.0151372
          10        1.85     1.59542     1.57955   0.0136534
          11        1.85     1.59065     1.58056   0.0123911
          12        1.85     1.55484     1.57842   0.0115127
          13        1.85     1.62786     1.58222   0.0112525
          14        1.85      1.6089     1.58413   0.0105906
          15        1.85     1.61153     1.58595   0.0100272
          16        1.85     1.56212     1.58446  0.00949706
          17        1.85     1.63919     1.58768  0.00948395
          18        1.85     1.59245     1.58795  0.00894548
          19        1.85     1.62161     1.58972  0.00864506
          20        1.85     1.53692     1.58708  0.00861582
           1       1.925     1.42635     1.42635           0
           2       1.925     1.50081     1.46358   0.0372301
           3       1.925     1.47439     1.46718   0.0217946
           4       1.925     1.43656     1.45953   0.0172082
           5       1.925     1.48805     1.46523   0.0144991
           6       1.925     1.47877     1.46749   0.0120516
           7       1.925     1.46374     1.46695   0.0101995
           8       1.925      1.3983     1.45837   0.0123155
           9       1.925     1.39124     1.45091   0.0131763
          10       1.925     1.47802     1.45362    0.012093
          11       1.925     1.46193     1.45438   0.0109645
          12       1.925     1.43912     1.45311   0.0100896
          13       1.925     1.48977     1.45593  0.00970012
          14       1.925     1.47423     1.45724  0.00907523
          15       1.925     1.46904     1.45802  0.00848513
          16       1.925     1.44646      1.4573  0.00796993
          17       1.925     1.50657      1.4602  0.00802784
          18       1.925     1.45813     1.46008  0.00756959
          19       1.925     1.47878     1.46107  0.00722744
          20       1.925     1.41353     1.45869  0.00725682
           1           2     1.32393     1.32393           0
           2           2     1.38436     1.35415    0.030214
           3           2     1.36096     1.35642   0.0175911
           4           2     1.32233     1.34789   0.0150781
           5           2      1.3703     1.35237   0.0125093
           6           2     1.35467     1.35276    0.010221
           7           2     1.34966     1.35231  0.00864962
           8           2     1.31426     1.34756  0.00887349
           9           2      1.3043     1.34275  0.00918383
          10           2     1.37001     1.34548  0.00865481
          11           2     1.33698      1.3447  0.00786663
          12           2     1.35817     1.34583  0.00726838
          13           2     1.36814     1.34754  0.00690274
          14           2     1.33346     1.34654  0.00646938
          15           2     1.36261     1.34761  0.00611722
          16           2     1.32027      1.3459  0.00597183
          17           2     1.38852     1.34841  0.00614441
          18           2     1.35933     1.34901  0.00582469
          19           2     1.36326     1.34976  0.00556036
          20           2     1.32296     1.34842  0.00544255
