           1         0.5    0.462375    0.462375           0
           2         0.5    0.353435    0.407905   0.0544697
           3         0.5    0.414239    0.410017   0.0315189
           4         0.5    0.355571    0.396405    0.026115
           5         0.5    0.369994    0.391123   0.0209069
           6         0.5    0.383504    0.389853   0.0171175
           7         0.5    0.303328    0.377492   0.0190284
           8         0.5    0.366524    0.376121    0.016536
           9         0.5    0.393861    0.378092    0.014716
          10         0.5    0.370948    0.377378   0.0131818
          11         0.5    0.401252    0.379548   0.0121193
          12         0.5    0.283084     0.37151   0.0136754
          13         0.5    0.310871    0.366845   0.0134165
          14         0.5    0.412815    0.370129    0.012848
          15         0.5    0.339202    0.368067   0.0121372
          16         0.5    0.224942    0.359122    0.014454
          17         0.5    0.272434    0.354022   0.0145031
          18         0.5    0.385618    0.355778   0.0137859
          19         0.5    0.265761     0.35104   0.0138741
          20         0.5    0.335781    0.350277   0.0131842
           1       0.575    0.447033    0.447033           0
           2       0.575    0.404629    0.425831   0.0212021
           3       0.575     0.42501    0.425557   0.0122441
           4       0.575    0.390151    0.416706   0.0123818
           5       0.575    0.412797    0.415924  0.00962268
           6       0.575    0.377499     0.40952   0.0101362
           7       0.575     0.38325    0.405767  0.00935266
           8       0.575    0.388512     0.40361  0.00838191
           9       0.575    0.410566    0.404383  0.00743244
          10       0.575    0.386777    0.402623  0.00687697
          11       0.575    0.408391    0.403147  0.00624252
          12       0.575    0.393432    0.402337  0.00575583
          13       0.575    0.427564    0.404278    0.005639
          14       0.575    0.391813    0.403388  0.00529608
          15       0.575    0.388226    0.402377  0.00503293
          16       0.575    0.415494    0.403197  0.00477872
          17       0.575    0.405922    0.403357  0.00449169
          18       0.575    0.397058    0.403007  0.00424924
          19       0.575    0.375482    0.401558  0.00427247
          20       0.575    0.414082    0.402184  0.00410131
           1        0.65    0.480671    0.480671           0
           2        0.65    0.411399    0.446035   0.0346361
           3        0.65    0.439884    0.443985    0.020102
           4        0.65     0.45486    0.446703   0.0144719
           5        0.65    0.394875    0.436338    0.015268
           6        0.65    0.445468    0.437859   0.0125588
           7        0.65    0.391846    0.431286   0.0124847
           8        0.65    0.438343    0.432168    0.010848
           9        0.65    0.407054    0.429378  0.00996565
          10        0.65    0.459917    0.432432  0.00942221
          11        0.65    0.436431    0.432795  0.00853046
          12        0.65    0.419825    0.431714  0.00786186
          13        0.65    0.428726    0.431484  0.00723551
          14        0.65    0.383504    0.428057  0.00752457
          15        0.65    0.378709    0.424767  0.00773907
          16        0.65    0.439091    0.425663  0.00729437
          17        0.65    0.452923    0.427266  0.00703701
          18        0.65    0.453492    0.428723  0.00679266
          19        0.65    0.387705    0.426564   0.0067782
          20        0.65    0.404801    0.425476  0.00652179
           1       0.725    0.474121    0.474121           0
           2       0.725    0.443512    0.458816   0.0153044
           3       0.725    0.444818     0.45415  0.00999239
           4       0.725     0.44494    0.451847  0.00743138
           5       0.725    0.445679    0.450614  0.00588702
           6       0.725    0.431106    0.447363  0.00580303
           7       0.725    0.474964    0.451306  0.00629299
           8       0.725    0.467317    0.453307  0.00580575
           9       0.725     0.40892    0.448375  0.00710917
          10       0.725    0.449911    0.448529  0.00636049
          11       0.725    0.410361    0.445059  0.00671859
          12       0.725    0.421563    0.443101  0.00643817
          13       0.725    0.419097    0.441254  0.00620344
          14       0.725    0.418922    0.439659  0.00596069
          15       0.725    0.414794    0.438002  0.00579141
          16       0.725    0.404082    0.435882  0.00581741
          17       0.725    0.448627    0.436631  0.00551569
          18       0.725    0.450663    0.437411  0.00525835
          19       0.725    0.420551    0.436524  0.00505243
          20       0.725    0.359255     0.43266  0.00615633
           1         0.8    0.476917    0.476917           0
           2         0.8    0.428453    0.452685   0.0242321
           3         0.8    0.386268    0.430546   0.0261891
           4         0.8    0.446488    0.434531   0.0189425
           5         0.8     0.46215    0.440055   0.0156781
           6         0.8    0.472653    0.445488   0.0139063
           7         0.8    0.469254    0.448883   0.0122335
           8         0.8    0.424754    0.445867   0.0110155
           9         0.8    0.426651    0.443732  0.00994666
          10         0.8    0.426421    0.442001  0.00906341
          11         0.8    0.446288    0.442391  0.00820742
          12         0.8     0.43235    0.441554  0.00753889
          13         0.8    0.429776    0.440648  0.00699371
          14         0.8    0.412292    0.438622  0.00678432
          15         0.8    0.445487     0.43908  0.00633242
          16         0.8    0.431986    0.438637  0.00594001
          17         0.8    0.466492    0.440275  0.00581527
          18         0.8    0.434288    0.439943  0.00549277
          19         0.8    0.424444    0.439127  0.00525929
          20         0.8     0.42384    0.438363  0.00504761
           1       0.875    0.457016    0.457016           0
           2       0.875    0.443099    0.450058  0.00695827
           3       0.875    0.428985    0.443034  0.00809178
           4       0.875    0.421541     0.43766  0.00784916
           5       0.875    0.463268    0.442782  0.00794951
           6       0.875    0.429215    0.440521   0.0068733
           7       0.875    0.464651    0.443968  0.00675478
           8       0.875    0.438744    0.443315  0.00588614
           9       0.875    0.418932    0.440606  0.00585551
          10       0.875    0.430063    0.439551  0.00534239
          11       0.875     0.44191    0.439766  0.00483713
          12       0.875    0.433103    0.439211  0.00445044
          13       0.875    0.418451    0.437614  0.00439423
          14       0.875    0.425324    0.436736  0.00416191
          15       0.875    0.445187    0.437299  0.00391527
          16       0.875    0.440185     0.43748  0.00366684
          17       0.875    0.424713    0.436729  0.00352532
          18       0.875    0.441693    0.437004  0.00333512
          19       0.875    0.440573    0.437192   0.0031603
          20       0.875    0.434935    0.437079  0.00300024
           1        0.95    0.438132    0.438132           0
           2        0.95     0.42983    0.433981  0.00415076
           3        0.95    0.414332    0.427431   0.0069741
           4        0.95    0.426197    0.427123  0.00494108
           5        0.95    0.433737    0.428445  0.00404949
           6        0.95    0.406372    0.424767  0.00494633
           7        0.95    0.467333    0.430848  0.00737926
           8        0.95    0.408946     0.42811  0.00695233
           9        0.95    0.420662    0.427282  0.00618698
          10        0.95    0.412443    0.425798  0.00572932
          11        0.95    0.430694    0.426243  0.00520143
          12        0.95    0.430597    0.426606  0.00476208
          13        0.95    0.413711    0.425614  0.00449139
          14        0.95     0.41826    0.425089  0.00419126
          15        0.95    0.430121    0.425424  0.00391625
          16        0.95    0.417834     0.42495   0.0036939
          17        0.95    0.414972    0.424363  0.00351911
          18        0.95    0.439682    0.425214  0.00342526
          19        0.95    0.416385    0.424749  0.00327312
          20        0.95    0.433475    0.425186  0.00313566
           1       1.025    0.427101    0.427101           0
           2       1.025    0.415413    0.421257  0.00584388
           3       1.025    0.420988    0.421167  0.00337516
           4       1.025    0.423046    0.421637  0.00243239
           5       1.025    0.424854     0.42228  0.00199093
           6       1.025    0.409351    0.420126  0.00269925
           7       1.025    0.427418    0.421167  0.00250788
           8       1.025    0.410161    0.419792  0.00257094
           9       1.025    0.418222    0.419617  0.00227405
          10       1.025    0.399646     0.41762  0.00285053
          11       1.025     0.43127    0.418861  0.00286147
          12       1.025    0.423764     0.41927  0.00264392
          13       1.025    0.407607    0.418372  0.00259224
          14       1.025    0.402873    0.417265    0.002643
          15       1.025    0.403623    0.416356  0.00262321
          16       1.025    0.430611    0.417247  0.00261054
          17       1.025    0.398322    0.416134  0.00269303
          18       1.025    0.415525      0.4161  0.00253924
          19       1.025    0.410157    0.415787  0.00242216
          20       1.025    0.410993    0.415547  0.00231033
           1         1.1    0.410822    0.410822           0
           2         1.1    0.405657    0.408239  0.00258239
           3         1.1    0.397747    0.404742  0.00380184
           4         1.1    0.410423    0.406162  0.00304039
           5         1.1    0.400761    0.405082  0.00259101
           6         1.1    0.394102    0.403252  0.00279722
           7         1.1    0.403907    0.403345  0.00236593
           8         1.1    0.389947    0.401671  0.00264637
           9         1.1    0.401202    0.401619  0.00233446
          10         1.1    0.398312    0.401288  0.00211402
          11         1.1    0.406571    0.401768  0.00197159
          12         1.1    0.408543    0.402333  0.00188628
          13         1.1    0.389089    0.401314   0.0020121
          14         1.1    0.398831    0.401137  0.00187126
          15         1.1    0.391913    0.400522   0.0018474
          16         1.1    0.407167    0.400937  0.00177729
          17         1.1    0.387362    0.400139  0.00185063
          18         1.1    0.405093    0.400414  0.00176637
          19         1.1    0.386166    0.399664  0.00183139
          20         1.1    0.393947    0.399378  0.00176076
           1       1.175     0.38798     0.38798           0
           2       1.175    0.377964    0.382972  0.00500836
           3       1.175    0.379278    0.381741  0.00314279
           4       1.175    0.387929    0.383288  0.00270767
           5       1.175    0.385916    0.383813   0.0021622
           6       1.175    0.373049    0.382019  0.00251706
           7       1.175    0.392506    0.383517  0.00260185
           8       1.175    0.385768    0.383799  0.00227076
           9       1.175    0.384485    0.383875  0.00200408
          10       1.175    0.377907    0.383278  0.00188924
          11       1.175    0.378072    0.382805   0.0017732
          12       1.175    0.385751     0.38305  0.00163721
          13       1.175    0.386635    0.383326  0.00153105
          14       1.175    0.366421    0.382119  0.00186206
          15       1.175    0.372098    0.381451  0.00185776
          16       1.175    0.397794    0.382472  0.00201573
          17       1.175    0.366685    0.381543  0.00210893
          18       1.175    0.389539    0.381988  0.00203734
          19       1.175    0.374991    0.381619    0.001962
          20       1.175    0.365279    0.380802  0.00203273
           1        1.25    0.358727    0.358727           0
           2        1.25    0.360996    0.359862  0.00113471
           3        1.25    0.360276        0.36 0.000669528
           4        1.25    0.364573    0.361143  0.00123754
           5        1.25    0.359157    0.360746  0.00103762
           6        1.25    0.349914    0.358941  0.00199423
           7        1.25    0.363468    0.359587  0.00180524
           8        1.25    0.359213    0.359541  0.00156408
           9        1.25    0.359172      0.3595     0.00138
          10        1.25    0.367067    0.360256  0.00144782
          11        1.25    0.362611     0.36047  0.00132698
          12        1.25    0.364144    0.360777  0.00124945
          13        1.25    0.353862    0.360245  0.00126644
          14        1.25    0.339676    0.358775  0.00187968
          15        1.25    0.354161    0.358468  0.00177672
          16        1.25    0.374379    0.359462  0.00193678
          17        1.25    0.349091    0.358852  0.00191884
          18        1.25    0.361067    0.358975  0.00181328
          19        1.25    0.351524    0.358583  0.00175945
          20        1.25    0.352516     0.35828  0.00169651
           1       1.325    0.330566    0.330566           0
           2       1.325    0.342889    0.336728   0.0061617
           3       1.325     0.33877    0.337409  0.00362203
           4       1.325    0.339124    0.337837   0.0025968
           5       1.325    0.341528    0.338575  0.00214262
           6       1.325    0.333447    0.337721  0.00194708
           7       1.325    0.335509    0.337405  0.00167565
           8       1.325    0.331674    0.336688  0.00161831
           9       1.325    0.335208    0.336524  0.00143666
          10       1.325    0.331271    0.335999  0.00138821
          11       1.325     0.34329    0.336661  0.00141988
          12       1.325    0.341217    0.337041  0.00135062
          13       1.325    0.337122    0.337047   0.0012424
          14       1.325    0.322568    0.336013  0.00154686
          15       1.325    0.338191    0.336158  0.00144735
          16       1.325    0.360733    0.337694  0.00204743
          17       1.325    0.340364    0.337851  0.00192962
          18       1.325    0.343316    0.338155  0.00184442
          19       1.325    0.330302    0.337742  0.00179293
          20       1.325     0.33247    0.337478  0.00172123
           1         1.4    0.313607    0.313607           0
           2         1.4    0.318407    0.316007  0.00240009
           3         1.4    0.318268     0.31676  0.00157736
           4         1.4    0.317975    0.317064  0.00115594
           5         1.4    0.320404    0.317732  0.00111706
           6         1.4    0.312429    0.316848     0.00127
           7         1.4    0.313993     0.31644  0.00114825
           8         1.4    0.312912    0.315999  0.00108784
           9         1.4    0.321479    0.316608   0.0011363
          10         1.4    0.312629     0.31621  0.00109144
          11         1.4    0.315112     0.31611 0.000992281
          12         1.4    0.314974    0.316016 0.000910761
          13         1.4    0.315471    0.315974 0.000838826
          14         1.4    0.315092    0.315911 0.000779154
          15         1.4    0.316606    0.315957 0.000726831
          16         1.4    0.328541    0.316744  0.00103961
          17         1.4    0.318731     0.31686 0.000983518
          18         1.4    0.328368      0.3175  0.00112631
          19         1.4    0.313771    0.317304   0.0010833
          20         1.4    0.315913    0.317234  0.00103006
           1       1.475    0.296277    0.296277           0
           2       1.475    0.293786    0.295032  0.00124578
           3       1.475    0.302972    0.297678  0.00274287
           4       1.475    0.298494    0.297882  0.00195018
           5       1.475    0.304032    0.299112  0.00194801
           6       1.475    0.298058    0.298937  0.00160022
           7       1.475    0.298293    0.298845  0.00135555
           8       1.475    0.300288    0.299025  0.00118772
           9       1.475    0.305657    0.299762  0.00128071
          10       1.475    0.297751    0.299561  0.00116301
          11       1.475    0.296447    0.299278  0.00108941
          12       1.475    0.299104    0.299263 0.000994595
          13       1.475    0.300881    0.299388  0.00092332
          14       1.475    0.297855    0.299278  0.00086181
          15       1.475    0.295157    0.299004 0.000848036
          16       1.475    0.315689    0.300046  0.00131025
          17       1.475    0.299719    0.300027  0.00123091
          18       1.475    0.310147    0.300589  0.00128953
          19       1.475    0.297237    0.300413  0.00123247
          20       1.475    0.301671    0.300476  0.00117091
           1        1.55    0.284807    0.284807           0
           2        1.55    0.284456    0.284631 0.000175859
           3        1.55    0.287207     0.28549 0.000864458
           4        1.55    0.276687    0.283289  0.00228397
           5        1.55    0.287708    0.284173  0.00197763
           6        1.55    0.276916    0.282964  0.00201746
           7        1.55    0.282142    0.282846   0.0017091
           8        1.55    0.285413    0.283167  0.00151449
           9        1.55    0.285175     0.28339  0.00135417
          10        1.55    0.277861    0.282837  0.00133144
          11        1.55    0.276996    0.282306  0.00131622
          12        1.55    0.285185    0.282546  0.00122525
          13        1.55     0.28442     0.28269  0.00113624
          14        1.55     0.27734    0.282308  0.00111922
          15        1.55    0.275839    0.281877  0.00112767
          16        1.55    0.294499    0.282666  0.00131721
          17        1.55    0.290863    0.283148  0.00132794
          18        1.55    0.288125    0.283424  0.00128216
          19        1.55    0.285343    0.283525    0.001217
          20        1.55    0.285335    0.283616  0.00115809
           1       1.625    0.271011    0.271011           0
           2       1.625     0.26662    0.268816  0.00219541
           3       1.625    0.272868    0.270167  0.00185235
           4       1.625    0.262676    0.268294  0.00228535
           5       1.625    0.273222     0.26928  0.00202615
           6       1.625    0.266879    0.268879  0.00170205
           7       1.625    0.266593    0.268553   0.0014751
           8       1.625    0.262556    0.267803  0.00148118
           9       1.625    0.265355    0.267531   0.0013343
          10       1.625    0.261353    0.266913  0.00134388
          11       1.625    0.259354    0.266226  0.00139638
          12       1.625    0.270002    0.266541  0.00131297
          13       1.625    0.270831    0.266871  0.00125204
          14       1.625    0.256786    0.266151  0.00136474
          15       1.625    0.263083    0.265946  0.00128686
          16       1.625     0.27394    0.266446  0.00130331
          17       1.625    0.272072    0.266777   0.0012682
          18       1.625    0.271636    0.267047  0.00122577
          19       1.625    0.265838    0.266983  0.00116121
          20       1.625    0.265508    0.266909  0.00110409
           1         1.7    0.250855    0.250855           0
           2         1.7    0.253133    0.251994   0.0011389
           3         1.7    0.260457    0.254815  0.00289664
           4         1.7    0.248034     0.25312  0.00265878
           5         1.7    0.252708    0.253038  0.00206113
           6         1.7    0.247114     0.25205  0.00195112
           7         1.7    0.245331    0.251091  0.00190801
           8         1.7    0.245758    0.250424  0.00178178
           9         1.7    0.248044     0.25016  0.00159347
          10         1.7    0.248156    0.249959  0.00143926
          11         1.7    0.239843    0.249039  0.00159393
          12         1.7    0.259905    0.249945  0.00171376
          13         1.7    0.255762    0.250392  0.00163871
          14         1.7    0.243427    0.249895  0.00159665
          15         1.7    0.250351    0.249925  0.00148671
          16         1.7    0.258002     0.25043  0.00147948
          17         1.7    0.257298    0.250834  0.00144726
          18         1.7    0.250124    0.250795  0.00136506
          19         1.7    0.249952     0.25075  0.00129198
          20         1.7    0.246482    0.250537  0.00124412
           1       1.775    0.237587    0.237587           0
           2       1.775    0.239801    0.238694  0.00110711
           3       1.775    0.244055    0.240481  0.00189795
           4       1.775    0.234098    0.238885  0.00208501
           5       1.775    0.237336    0.238576  0.00164452
           6       1.775    0.233835    0.237785  0.00155791
           7       1.775    0.232217     0.23699  0.00153834
           8       1.775     0.22959    0.236065  0.00162186
           9       1.775    0.232103    0.235625  0.00149656
          10       1.775    0.228327    0.234895  0.00152457
          11       1.775    0.229092    0.234367  0.00147649
          12       1.775    0.243733    0.235148  0.00155749
          13       1.775    0.240107    0.235529  0.00148259
          14       1.775    0.228249    0.235009  0.00146781
          15       1.775    0.233422    0.234904  0.00137055
          16       1.775    0.243928    0.235468  0.00140062
          17       1.775    0.240235    0.235748  0.00134521
          18       1.775    0.236681      0.2358  0.00126933
          19       1.775    0.236334    0.235828    0.001201
          20       1.775    0.230707    0.235572  0.00116778
           1        1.85    0.223216    0.223216           0
           2        1.85     0.22661    0.224913  0.00169702
           3        1.85    0.230993     0.22694  0.00225098
           4        1.85    0.221418     0.22556  0.00210693
           5        1.85    0.222862     0.22502  0.00171886
           6        1.85    0.220282     0.22423  0.00161034
           7        1.85    0.222994    0.224054  0.00137239
           8        1.85    0.214235    0.222826  0.00170853
           9        1.85    0.219394    0.222445  0.00155429
          10        1.85    0.218284    0.222029  0.00145113
          11        1.85    0.215901    0.221472  0.00142591
          12        1.85    0.227546    0.221978  0.00139663
          13        1.85    0.225831    0.222275  0.00131846
          14        1.85    0.216845    0.221887   0.0012808
          15        1.85    0.216908    0.221555  0.00123769
          16        1.85    0.229072    0.222025  0.00124946
          17        1.85    0.225782    0.222246  0.00119429
          18        1.85    0.222385    0.222253  0.00112601
          19        1.85    0.222491    0.222266  0.00106517
          20        1.85    0.218489    0.222077  0.00102801
           1       1.925    0.210552    0.210552           0
           2       1.925    0.210165    0.210359 0.000193394
           3       1.925     0.21532    0.212012  0.00165746
           4       1.925     0.21001    0.211512  0.00127438
           5       1.925    0.209755     0.21116  0.00104782
           6       1.925     0.20872    0.210754 0.000947302
           7       1.925    0.211666    0.210884  0.00081116
           8       1.925    0.204022    0.210026  0.00110868
           9       1.925    0.205894    0.209567  0.00108022
          10       1.925    0.207897      0.2094   0.0009805
          11       1.925    0.205272    0.209025 0.000963013
          12       1.925    0.214517    0.209483 0.000991097
          13       1.925    0.208903    0.209438 0.000912764
          14       1.925     0.20431    0.209072 0.000921037
          15       1.925    0.205684    0.208846 0.000886681
          16       1.925    0.215789     0.20928 0.000936073
          17       1.925     0.21212    0.209447 0.000895024
          18       1.925      0.2118    0.209578 0.000853902
          19       1.925    0.209019    0.209548 0.000808246
          20       1.925    0.203966    0.209269 0.000815997
           1           2    0.196719    0.196719           0
           2           2    0.195966    0.196343  0.00037654
           3           2    0.203826    0.198837  0.00250381
           4           2    0.198745    0.198814  0.00177061
           5           2    0.198784    0.198808  0.00137152
           6           2    0.195922    0.198327  0.00121874
           7           2    0.199822    0.198541  0.00105194
           8           2    0.195113    0.198112  0.00100672
           9           2    0.196926     0.19798  0.00089758
          10           2    0.196526    0.197835 0.000815889
          11           2     0.19341    0.197433 0.000840516
          12           2    0.203101    0.197905 0.000901029
          13           2     0.19743    0.197869  0.00082963
          14           2    0.191728     0.19743 0.000884491
          15           2    0.195015    0.197269 0.000839006
          16           2    0.200548    0.197474 0.000811127
          17           2    0.202234    0.197754 0.000811752
          18           2    0.198596    0.197801 0.000766755
          19           2     0.19577    0.197694 0.000733108
          20           2    0.195586    0.197588 0.000703425
