           1         0.5   -0.957264   -0.957264           0
           2         0.5   -0.965472   -0.961368    0.004104
           3         0.5   -0.964648   -0.962461  0.00260953
           4         0.5   -0.965432   -0.963204  0.00198906
           5         0.5    -0.96852   -0.964267  0.00187196
           6         0.5   -0.964656   -0.964332  0.00152982
           7         0.5     -0.9756   -0.965942  0.00206467
           8         0.5   -0.969416   -0.966376  0.00184004
           9         0.5   -0.959216    -0.96558  0.00180728
          10         0.5   -0.967064   -0.965729  0.00162328
          11         0.5    -0.96268   -0.965452  0.00149424
          12         0.5    -0.97924   -0.966601  0.00178351
          13         0.5    -0.97892   -0.967548  0.00189461
          14         0.5   -0.968424   -0.967611  0.00175518
          15         0.5   -0.972496   -0.967937  0.00166613
          16         0.5   -0.984168   -0.968951   0.0018596
          17         0.5   -0.980264   -0.969616  0.00186926
          18         0.5   -0.962696   -0.969232  0.00180381
          19         0.5   -0.980392   -0.969819   0.0018045
          20         0.5   -0.973016   -0.969979  0.00171934
           1       0.575    -0.93744    -0.93744           0
           2       0.575   -0.945176   -0.941308    0.003868
           3       0.575   -0.949856   -0.944157   0.0036202
           4       0.575   -0.935696   -0.942042  0.00332078
           5       0.575   -0.946448   -0.942923  0.00271902
           6       0.575   -0.938096   -0.942119  0.00236135
           7       0.575     -0.9348   -0.941073  0.00225299
           8       0.575   -0.945208    -0.94159  0.00201844
           9       0.575   -0.940112   -0.941426  0.00178766
          10       0.575   -0.933736   -0.940657  0.00177423
          11       0.575    -0.93656   -0.940284   0.0016475
          12       0.575   -0.953648   -0.941398  0.00187138
          13       0.575   -0.953384    -0.94232  0.00195279
          14       0.575   -0.949096   -0.942804  0.00187159
          15       0.575    -0.93424   -0.942233  0.00183352
          16       0.575    -0.94316   -0.942291  0.00171608
          17       0.575    -0.94396   -0.942389  0.00161496
          18       0.575   -0.955504   -0.943118  0.00168795
          19       0.575   -0.950056   -0.943483  0.00163786
          20       0.575   -0.942736   -0.943446  0.00155426
           1        0.65    -0.90736    -0.90736           0
           2        0.65     -0.9148    -0.91108     0.00372
           3        0.65    -0.92032    -0.91416  0.00375489
           4        0.65   -0.911112   -0.913398  0.00276229
           5        0.65    -0.91252   -0.913222  0.00214685
           6        0.65   -0.916296   -0.913735  0.00182622
           7        0.65   -0.911944   -0.913479  0.00156449
           8        0.65    -0.91404   -0.913549   0.0013567
           9        0.65    -0.90248   -0.912319  0.00171588
          10        0.65   -0.910648   -0.912152   0.0015438
          11        0.65   -0.913464   -0.912271   0.0014015
          12        0.65    -0.92196   -0.913079  0.00151285
          13        0.65   -0.914848   -0.913215  0.00139826
          14        0.65   -0.907464   -0.912804  0.00135815
          15        0.65   -0.907688   -0.912463  0.00130956
          16        0.65   -0.912384   -0.912458  0.00122499
          17        0.65     -0.9104   -0.912337  0.00115703
          18        0.65    -0.92344   -0.912954  0.00125318
          19        0.65   -0.912976   -0.912955  0.00118539
          20        0.65    -0.92352   -0.913483  0.00124245
           1       0.725   -0.881992   -0.881992           0
           2       0.725   -0.876704   -0.879348    0.002644
           3       0.725   -0.884768   -0.881155  0.00236523
           4       0.725   -0.880984   -0.881112  0.00167301
           5       0.725   -0.883136   -0.881517  0.00135766
           6       0.725   -0.879312   -0.881149  0.00116784
           7       0.725   -0.881224    -0.88116 0.000987066
           8       0.725   -0.881592   -0.881214 0.000856528
           9       0.725   -0.872704   -0.880268  0.00121024
          10       0.725   -0.881936   -0.880435  0.00109524
          11       0.725   -0.882712   -0.880642  0.00101207
          12       0.725   -0.888672   -0.881311  0.00114076
          13       0.725    -0.87992   -0.881204  0.00105479
          14       0.725   -0.873656   -0.880665   0.0011155
          15       0.725   -0.881312   -0.880708  0.00103937
          16       0.725    -0.87264   -0.880204  0.00109524
          17       0.725   -0.878624   -0.880111  0.00103299
          18       0.725   -0.889976   -0.880659  0.00111752
          19       0.725   -0.879728    -0.88061  0.00105821
          20       0.725   -0.882648   -0.880712  0.00100906
           1         0.8   -0.848184   -0.848184           0
           2         0.8   -0.846296    -0.84724    0.000944
           3         0.8   -0.844776   -0.846419 0.000985715
           4         0.8      -0.846   -0.846314 0.000704821
           5         0.8   -0.846928   -0.846437 0.000559592
           6         0.8   -0.847416     -0.8466 0.000485177
           7         0.8   -0.847712   -0.846759 0.000439745
           8         0.8   -0.851368   -0.847335 0.000690632
           9         0.8   -0.844664   -0.847038 0.000677536
          10         0.8   -0.848488   -0.847183 0.000623108
          11         0.8   -0.853416    -0.84775 0.000799203
          12         0.8    -0.85604   -0.848441  0.00100476
          13         0.8    -0.84744   -0.848364 0.000927445
          14         0.8   -0.845888   -0.848187 0.000876667
          15         0.8     -0.8476   -0.848148  0.00081707
          16         0.8   -0.841448   -0.847729 0.000871488
          17         0.8   -0.845888   -0.847621 0.000825752
          18         0.8   -0.851264   -0.847823 0.000804407
          19         0.8   -0.845192   -0.847685 0.000773392
          20         0.8    -0.85112   -0.847856 0.000753542
           1       0.875   -0.809848   -0.809848           0
           2       0.875   -0.819992    -0.81492    0.005072
           3       0.875   -0.809128   -0.812989   0.0035075
           4       0.875    -0.81644   -0.813852  0.00262592
           5       0.875    -0.81488   -0.814058  0.00204439
           6       0.875   -0.810872   -0.813527  0.00175164
           7       0.875   -0.816216   -0.813911  0.00152945
           8       0.875   -0.814896   -0.814034  0.00133025
           9       0.875   -0.816984   -0.814362   0.0012181
          10       0.875   -0.813912   -0.814317  0.00109043
          11       0.875   -0.819216   -0.814762  0.00108223
          12       0.875   -0.814744   -0.814761 0.000987936
          13       0.875   -0.811872   -0.814538  0.00093554
          14       0.875    -0.81444   -0.814531 0.000866171
          15       0.875   -0.813304    -0.81445 0.000810502
          16       0.875   -0.811544   -0.814268 0.000779601
          17       0.875   -0.813912   -0.814247 0.000732607
          18       0.875    -0.81568   -0.814327 0.000695281
          19       0.875   -0.814152   -0.814317 0.000657734
          20       0.875   -0.816392   -0.814421 0.000632544
           1        0.95   -0.782376   -0.782376           0
           2        0.95   -0.785088   -0.783732    0.001356
           3        0.95   -0.780136   -0.782533  0.00143168
           4        0.95   -0.779232   -0.781708  0.00130615
           5        0.95   -0.780416    -0.78145  0.00104422
           6        0.95   -0.781392    -0.78144 0.000852654
           7        0.95   -0.783072   -0.781673   0.0007574
           8        0.95    -0.78096   -0.781584 0.000661957
           9        0.95    -0.78388   -0.781839 0.000637098
          10        0.95    -0.78508   -0.782163 0.000655552
          11        0.95   -0.786304    -0.78254 0.000702365
          12        0.95   -0.778656   -0.782216 0.000718219
          13        0.95   -0.783256   -0.782296 0.000665491
          14        0.95   -0.783688   -0.782395 0.000624096
          15        0.95    -0.78256   -0.782406 0.000581106
          16        0.95   -0.781448   -0.782346 0.000546865
          17        0.95    -0.78196   -0.782324 0.000514193
          18        0.95   -0.784048    -0.78242 0.000494159
          19        0.95   -0.782136   -0.782405 0.000467666
          20        0.95    -0.78336   -0.782452 0.000446231
           1       1.025   -0.747936   -0.747936           0
           2       1.025   -0.756688   -0.752312    0.004376
           3       1.025   -0.751232   -0.751952    0.002552
           4       1.025   -0.747112   -0.750742  0.00217266
           5       1.025   -0.750664   -0.750726  0.00168301
           6       1.025   -0.753064   -0.751116  0.00142833
           7       1.025   -0.752368   -0.751295  0.00122034
           8       1.025   -0.752864   -0.751491  0.00107489
           9       1.025   -0.753168   -0.751677 0.000966106
          10       1.025   -0.752088   -0.751718 0.000865086
          11       1.025   -0.753776   -0.751905 0.000804547
          12       1.025   -0.748408   -0.751614 0.000790164
          13       1.025    -0.75296   -0.751718 0.000734182
          14       1.025   -0.752544   -0.751777  0.00068228
          15       1.025     -0.7468   -0.751445 0.000716596
          16       1.025   -0.749352   -0.751314 0.000682957
          17       1.025   -0.750904    -0.75129 0.000641979
          18       1.025   -0.747776   -0.751095 0.000635967
          19       1.025   -0.753272   -0.751209 0.000612382
          20       1.025   -0.749592   -0.751128 0.000586557
           1         1.1   -0.723736   -0.723736           0
           2         1.1    -0.72684   -0.725288    0.001552
           3         1.1   -0.722288   -0.724288  0.00134272
           4         1.1    -0.71864   -0.722876  0.00170153
           5         1.1   -0.720384   -0.722378  0.00140908
           6         1.1    -0.72588   -0.722961  0.00129013
           7         1.1   -0.723512    -0.72304  0.00109319
           8         1.1   -0.723848   -0.723141 0.000952102
           9         1.1   -0.722472   -0.723067 0.000842959
          10         1.1    -0.72072   -0.722832  0.00078964
          11         1.1   -0.722832   -0.722832 0.000714257
          12         1.1    -0.71888   -0.722503 0.000730477
          13         1.1   -0.721512   -0.722426 0.000676248
          14         1.1   -0.724016    -0.72254 0.000636296
          15         1.1   -0.716352   -0.722127 0.000721854
          16         1.1   -0.720016   -0.721996 0.000688007
          17         1.1   -0.721768   -0.721982 0.000646409
          18         1.1    -0.71768   -0.721743 0.000654631
          19         1.1   -0.720264   -0.721665 0.000624093
          20         1.1   -0.718904   -0.721527 0.000607951
           1       1.175   -0.692744   -0.692744           0
           2       1.175   -0.693168   -0.692956    0.000212
           3       1.175   -0.691736   -0.692549 0.000424687
           4       1.175   -0.690056   -0.691926 0.000691899
           5       1.175   -0.692312   -0.692003 0.000541474
           6       1.175   -0.694664   -0.692447 0.000626199
           7       1.175   -0.694456   -0.692734 0.000602068
           8       1.175   -0.693392   -0.692816 0.000527859
           9       1.175   -0.693328   -0.692873 0.000468991
          10       1.175   -0.691096   -0.692695 0.000455561
          11       1.175   -0.696536   -0.693044 0.000540108
          12       1.175   -0.691256   -0.692895  0.00051508
          13       1.175   -0.693944   -0.692976 0.000480623
          14       1.175    -0.69148   -0.692869 0.000457621
          15       1.175   -0.689016   -0.692612 0.000497474
          16       1.175   -0.691768    -0.69256 0.000468326
          17       1.175   -0.693304   -0.692603  0.00044209
          18       1.175   -0.689944   -0.692456 0.000442215
          19       1.175   -0.691432   -0.692402 0.000421749
          20       1.175   -0.691736   -0.692368 0.000401488
           1        1.25   -0.665248   -0.665248           0
           2        1.25    -0.66868   -0.666964    0.001716
           3        1.25   -0.663384   -0.665771    0.001551
           4        1.25      -0.665   -0.665578  0.00111352
           5        1.25    -0.66388   -0.665238 0.000926973
           6        1.25   -0.668536   -0.665788 0.000935368
           7        1.25     -0.6682   -0.666133 0.000862362
           8        1.25   -0.665048   -0.665997 0.000759032
           9        1.25    -0.66692     -0.6661 0.000677214
          10        1.25   -0.663984   -0.665888   0.0006416
          11        1.25   -0.665928   -0.665892 0.000580361
          12        1.25   -0.662336   -0.665595 0.000607024
          13        1.25   -0.667336   -0.665729  0.00057421
          14        1.25   -0.665528   -0.665715  0.00053181
          15        1.25   -0.662328   -0.665489 0.000544144
          16        1.25   -0.667032   -0.665586 0.000518055
          17        1.25   -0.664768   -0.665537 0.000488998
          18        1.25   -0.661552   -0.665316 0.000511443
          19        1.25   -0.664288   -0.665262 0.000486792
          20        1.25   -0.661664   -0.665082 0.000495613
           1       1.325     -0.6366     -0.6366           0
           2       1.325    -0.64112    -0.63886     0.00226
           3       1.325   -0.637744   -0.638488   0.0013568
           4       1.325     -0.6374   -0.638216 0.000997217
           5       1.325   -0.636192   -0.637811 0.000872083
           6       1.325   -0.640008   -0.638177  0.00080067
           7       1.325    -0.63864   -0.638243  0.00067991
           8       1.325   -0.637088   -0.638099 0.000606274
           9       1.325   -0.640944   -0.638415 0.000621138
          10       1.325   -0.638528   -0.638426 0.000555677
          11       1.325    -0.63992   -0.638562 0.000520646
          12       1.325   -0.636104   -0.638357 0.000517549
          13       1.325    -0.64048   -0.638521 0.000503298
          14       1.325   -0.638232     -0.6385 0.000466419
          15       1.325   -0.635944    -0.63833 0.000466451
          16       1.325   -0.639192   -0.638383 0.000439642
          17       1.325   -0.636376   -0.638265 0.000429524
          18       1.325   -0.634424   -0.638052 0.000457751
          19       1.325   -0.638296   -0.638065  0.00043318
          20       1.325    -0.63484   -0.637904 0.000441451
           1         1.4   -0.613472   -0.613472           0
           2         1.4   -0.615296   -0.614384    0.000912
           3         1.4   -0.612056   -0.613608 0.000937776
           4         1.4   -0.612776     -0.6134 0.000694965
           5         1.4   -0.612832   -0.613286 0.000550173
           6         1.4   -0.614504   -0.613489 0.000492926
           7         1.4   -0.613832   -0.613538 0.000419464
           8         1.4   -0.613952    -0.61359 0.000366929
           9         1.4   -0.616712   -0.613937 0.000474394
          10         1.4   -0.614912   -0.614034 0.000435371
          11         1.4   -0.616008   -0.614214 0.000432754
          12         1.4    -0.61376   -0.614176 0.000396854
          13         1.4   -0.616088   -0.614323 0.000393567
          14         1.4   -0.612816   -0.614215 0.000379941
          15         1.4   -0.611944   -0.614064 0.000384758
          16         1.4   -0.614792   -0.614109 0.000362773
          17         1.4   -0.612992   -0.614044 0.000347048
          18         1.4   -0.611184   -0.613885 0.000363733
          19         1.4   -0.614456   -0.613915 0.000345367
          20         1.4   -0.611848   -0.613812 0.000343557
           1       1.475   -0.588984   -0.588984           0
           2       1.475    -0.59192   -0.590452    0.001468
           3       1.475   -0.588816   -0.589907  0.00100783
           4       1.475   -0.588576   -0.589574 0.000786468
           5       1.475   -0.589712   -0.589602  0.00060982
           6       1.475   -0.593328   -0.590223 0.000796018
           7       1.475   -0.591144   -0.590354 0.000685512
           8       1.475   -0.589328   -0.590226 0.000607373
           9       1.475   -0.592248   -0.590451 0.000580861
          10       1.475   -0.592024   -0.590608 0.000542838
          11       1.475   -0.589536   -0.590511 0.000500593
          12       1.475   -0.591944    -0.59063 0.000472332
          13       1.475   -0.592016   -0.590737 0.000447372
          14       1.475   -0.591224   -0.590771 0.000415646
          15       1.475    -0.58992   -0.590715 0.000391087
          16       1.475   -0.590744   -0.590716 0.000365833
          17       1.475   -0.589072    -0.59062 0.000356996
          18       1.475   -0.588528   -0.590504 0.000356076
          19       1.475   -0.590936   -0.590526 0.000337582
          20       1.475   -0.588464   -0.590423  0.00033645
           1        1.55   -0.568048   -0.568048           0
           2        1.55    -0.56952   -0.568784    0.000736
           3        1.55   -0.567464   -0.568344 0.000611691
           4        1.55   -0.565704   -0.567684 0.000789102
           5        1.55    -0.56676   -0.567499 0.000638561
           6        1.55   -0.571528   -0.568171 0.000850122
           7        1.55   -0.569576   -0.568371 0.000746006
           8        1.55   -0.566776   -0.568172  0.00067614
           9        1.55   -0.569176   -0.568284 0.000606645
          10        1.55   -0.571992   -0.568654 0.000657221
          11        1.55   -0.568224   -0.568615 0.000595765
          12        1.55   -0.567456   -0.568519  0.00055237
          13        1.55   -0.571208   -0.568726 0.000548606
          14        1.55   -0.569792   -0.568802 0.000513591
          15        1.55   -0.568856   -0.568805 0.000478141
          16        1.55   -0.569176   -0.568828 0.000447859
          17        1.55   -0.568784   -0.568826 0.000420699
          18        1.55   -0.567336   -0.568743 0.000405183
          19        1.55   -0.569896   -0.568804 0.000388038
          20        1.55    -0.56552    -0.56864 0.000403081
           1       1.625   -0.546848   -0.546848           0
           2       1.625    -0.54884   -0.547844    0.000996
           3       1.625   -0.547224   -0.547637 0.000611051
           4       1.625   -0.545776   -0.547172 0.000635001
           5       1.625   -0.544952   -0.546728 0.000662625
           6       1.625   -0.550424   -0.547344  0.00081986
           7       1.625   -0.548776   -0.547549 0.000722476
           8       1.625   -0.546952   -0.547474 0.000630111
           9       1.625   -0.549296   -0.547676 0.000591432
          10       1.625   -0.551336   -0.548042  0.00064324
          11       1.625   -0.548624   -0.548095  0.00058423
          12       1.625   -0.546816   -0.547989 0.000543877
          13       1.625   -0.550632   -0.548192 0.000540035
          14       1.625   -0.548024    -0.54818  0.00050012
          15       1.625   -0.547696   -0.548148 0.000466703
          16       1.625   -0.548064   -0.548142 0.000436592
          17       1.625   -0.546984   -0.548074  0.00041573
          18       1.625   -0.547232   -0.548028 0.000394738
          19       1.625   -0.548264    -0.54804 0.000373592
          20       1.625   -0.544728   -0.547874   0.0003912
           1         1.7   -0.527048   -0.527048           0
           2         1.7    -0.52876   -0.527904    0.000856
           3         1.7   -0.527608   -0.527805 0.000503965
           4         1.7   -0.526616   -0.527508 0.000464109
           5         1.7    -0.52708   -0.527422 0.000369548
           6         1.7   -0.529912   -0.527837 0.000513043
           7         1.7   -0.529944   -0.528138 0.000527809
           8         1.7   -0.526928   -0.527987 0.000481481
           9         1.7   -0.530104   -0.528222 0.000485424
          10         1.7    -0.53104   -0.528504 0.000517599
          11         1.7   -0.529128   -0.528561  0.00047161
          12         1.7   -0.527216   -0.528449 0.000444864
          13         1.7   -0.530568   -0.528612 0.000440494
          14         1.7   -0.529416   -0.528669 0.000411845
          15         1.7    -0.52764   -0.528601 0.000389497
          16         1.7   -0.528696   -0.528606  0.00036439
          17         1.7   -0.527496   -0.528541 0.000348462
          18         1.7    -0.52736   -0.528476 0.000335023
          19         1.7   -0.528624   -0.528483 0.000316996
          20         1.7   -0.524568   -0.528288 0.000358836
           1       1.775   -0.509696   -0.509696           0
           2       1.775   -0.511024    -0.51036    0.000664
           3       1.775    -0.50816   -0.509627 0.000827492
           4       1.775    -0.50752     -0.5091 0.000787242
           5       1.775   -0.509704   -0.509221 0.000621645
           6       1.775   -0.512744   -0.509808 0.000776165
           7       1.775   -0.511624   -0.510067 0.000705416
           8       1.775    -0.50932   -0.509974 0.000618011
           9       1.775   -0.511616   -0.510156  0.00057476
          10       1.775   -0.511936   -0.510334  0.00054401
          11       1.775   -0.510904   -0.510386 0.000494793
          12       1.775   -0.509184   -0.510286 0.000462659
          13       1.775    -0.51092   -0.510335 0.000428369
          14       1.775   -0.511832   -0.510442 0.000410759
          15       1.775    -0.51088   -0.510471 0.000383511
          16       1.775     -0.5098   -0.510429 0.000361184
          17       1.775   -0.508568    -0.51032 0.000356497
          18       1.775     -0.5102   -0.510313 0.000336174
          19       1.775   -0.511264   -0.510363 0.000321905
          20       1.775   -0.505864   -0.510138 0.000379291
           1        1.85   -0.493104   -0.493104           0
           2        1.85   -0.494024   -0.493564     0.00046
           3        1.85   -0.491216   -0.492781 0.000826499
           4        1.85   -0.490752   -0.492274  0.00077391
           5        1.85   -0.493768   -0.492573 0.000669809
           6        1.85    -0.49628   -0.493191 0.000825139
           7        1.85   -0.494968   -0.493445 0.000742154
           8        1.85    -0.49252   -0.493329 0.000653032
           9        1.85   -0.494904   -0.493504 0.000601921
          10        1.85   -0.495048   -0.493658 0.000560078
          11        1.85   -0.493872   -0.493678 0.000506981
          12        1.85   -0.493224    -0.49364 0.000464351
          13        1.85    -0.49428   -0.493689 0.000429968
          14        1.85    -0.49444   -0.493743 0.000401669
          15        1.85   -0.493072   -0.493698 0.000376599
          16        1.85   -0.494176   -0.493728  0.00035354
          17        1.85   -0.491592   -0.493602 0.000355067
          18        1.85   -0.493272   -0.493584 0.000335263
          19        1.85   -0.494352   -0.493624 0.000319693
          20        1.85   -0.489048   -0.493396 0.000379924
           1       1.925   -0.476088   -0.476088           0
           2       1.925    -0.47764   -0.476864    0.000776
           3       1.925   -0.475488   -0.476405 0.000641171
           4       1.925    -0.47572   -0.476234  0.00048467
           5       1.925    -0.47744   -0.476475 0.000446229
           6       1.925   -0.480184   -0.477093 0.000717521
           7       1.925   -0.479248   -0.477401 0.000680064
           8       1.925      -0.477   -0.477351 0.000591083
           9       1.925   -0.478152    -0.47744 0.000528829
          10       1.925   -0.479072   -0.477603 0.000500362
          11       1.925    -0.47784   -0.477625 0.000453107
          12       1.925   -0.478248   -0.477677 0.000416876
          13       1.925    -0.47692   -0.477618 0.000387862
          14       1.925   -0.478248   -0.477663 0.000361895
          15       1.925   -0.477048   -0.477622 0.000339395
          16       1.925   -0.478128   -0.477654 0.000319044
          17       1.925   -0.476976   -0.477614 0.000302332
          18       1.925   -0.477824   -0.477626 0.000285279
          19       1.925   -0.478128   -0.477652 0.000271139
          20       1.925   -0.472384   -0.477389 0.000368171
           1           2    -0.46024    -0.46024           0
           2           2   -0.461544   -0.460892    0.000652
           3           2   -0.460704   -0.460829 0.000381613
           4           2   -0.460752    -0.46081 0.000270533
           5           2     -0.4606   -0.460768 0.000213721
           6           2    -0.46504    -0.46148 0.000733072
           7           2   -0.462616   -0.461642 0.000640461
           8           2   -0.462168   -0.461708 0.000558535
           9           2   -0.463024   -0.461854 0.000513826
          10           2   -0.464648   -0.462134 0.000537834
          11           2   -0.462624   -0.462178 0.000488528
          12           2   -0.463136   -0.462258  0.00045305
          13           2   -0.461736   -0.462218 0.000418675
          14           2   -0.463296   -0.462295 0.000395194
          15           2   -0.462056   -0.462279  0.00036825
          16           2      -0.463   -0.462324 0.000347402
          17           2    -0.46164   -0.462284 0.000328798
          18           2   -0.462336   -0.462287 0.000310008
          19           2    -0.46268   -0.462307 0.000293968
          20           2   -0.459328   -0.462158 0.000316175
