           1         0.5      70.716      70.716           0
           2         0.5     86.2923     78.5042     7.78816
           3         0.5      81.652     79.5534      4.6173
           4         0.5     76.7989     78.8648     3.33676
           5         0.5       75.29     78.1499      2.6817
           6         0.5     74.9869     77.6227     2.25216
           7         0.5     72.0116     76.8211     2.06533
           8         0.5     79.6583     77.1758     1.82345
           9         0.5     82.8354     77.8046     1.72671
          10         0.5     77.4199     77.7661      1.5449
          11         0.5     76.3825     77.6403     1.40306
          12         0.5     77.6818     77.6438     1.28082
          13         0.5     77.4626     77.6299     1.17826
          14         0.5     69.0491      77.017     1.25125
          15         0.5     81.7054     77.3295     1.20606
          16         0.5     80.4126     77.5222      1.1445
          17         0.5     76.8365     77.4819     1.07583
          18         0.5     85.0455     77.9021      1.0979
          19         0.5     81.3059     78.0812     1.05384
          20         0.5     85.1005     78.4322     1.05958
           1       0.575      47.631      47.631           0
           2       0.575     53.5034     50.5672     2.93623
           3       0.575     57.4281     52.8542     2.84677
           4       0.575     50.1774      52.185     2.12129
           5       0.575     51.0064     51.9493     1.65997
           6       0.575     42.1811     50.3212     2.11837
           7       0.575     45.2986     49.6037     1.92878
           8       0.575     48.6051     49.4789     1.67503
           9       0.575     47.9018     49.3037     1.48759
          10       0.575     47.9925     49.1725     1.33699
          11       0.575     52.7912     49.5015      1.2533
          12       0.575     53.8854     49.8668     1.20101
          13       0.575      47.308       49.67     1.12216
          14       0.575     45.2633     49.3552     1.08556
          15       0.575     58.1512     49.9416     1.16841
          16       0.575     52.0293     50.0721     1.10071
          17       0.575     50.7459     50.1117     1.03469
          18       0.575      54.235     50.3408     1.00205
          19       0.575     57.4826     50.7167     1.01966
          20       0.575     49.9133     50.6765    0.968167
           1        0.65     34.9676     34.9676           0
           2        0.65     34.3143      34.641    0.326622
           3        0.65     38.8837     36.0552     1.42676
           4        0.65     29.8822     34.5119     1.84377
           5        0.65     31.9482     33.9992     1.51743
           6        0.65     34.8983      34.149     1.24801
           7        0.65     29.4315     33.4751     1.25168
           8        0.65     29.3678     32.9617     1.19943
           9        0.65     29.5786     32.5858      1.1226
          10        0.65     37.1068     33.0379     1.10117
          11        0.65     28.1472     32.5933     1.09077
          12        0.65     36.1958     32.8935     1.04001
          13        0.65     30.9803     32.7463    0.967921
          14        0.65     30.0799     32.5559    0.916138
          15        0.65     34.1923      32.665    0.859827
          16        0.65     30.6618     32.5398    0.813981
          17        0.65     32.2014     32.5199    0.764861
          18        0.65     38.9989     32.8798    0.805959
          19        0.65     32.1678     32.8423    0.763282
          20        0.65     31.5298     32.7767     0.72708
           1       0.725     23.0475     23.0475           0
           2       0.725     22.5401     22.7938    0.253677
           3       0.725     22.3128     22.6334    0.217166
           4       0.725     22.0706     22.4927    0.208287
           5       0.725     21.6629     22.3268    0.231459
           6       0.725     19.2582     21.8153    0.545232
           7       0.725      23.076     21.9954    0.494747
           8       0.725     20.1072     21.7594    0.489171
           9       0.725     22.2753     21.8167      0.4352
          10       0.725     23.6081     21.9959    0.428496
          11       0.725     19.8985     21.8052     0.43195
          12       0.725     23.5403     21.9498    0.419989
          13       0.725     19.4708     21.7591    0.430833
          14       0.725     21.8348     21.7645    0.398911
          15       0.725     22.5404     21.8162    0.374951
          16       0.725     23.4282      21.917    0.364918
          17       0.725     21.4773     21.8911    0.343755
          18       0.725     23.2906     21.9689    0.333291
          19       0.725     21.3878     21.9383    0.316742
          20       0.725     24.1639     22.0496    0.320432
           1         0.8     15.6013     15.6013           0
           2         0.8     15.2001     15.4007     0.20059
           3         0.8     15.4807     15.4273    0.118842
           4         0.8     14.8148     15.2742    0.174679
           5         0.8     15.5549     15.3303    0.146489
           6         0.8     15.2836     15.3226    0.119861
           7         0.8     15.4703     15.3437    0.103478
           8         0.8     16.3302      15.467    0.152442
           9         0.8     15.3082     15.4493    0.135595
          10         0.8     16.4422     15.5486    0.156736
          11         0.8     15.4758      15.542    0.141928
          12         0.8      17.326     15.6907    0.197202
          13         0.8     14.4686     15.5967    0.204313
          14         0.8     14.7575     15.5367    0.198426
          15         0.8     15.5484     15.5375    0.184726
          16         0.8     17.4059     15.6543    0.208553
          17         0.8     15.2412       15.63    0.197403
          18         0.8     13.7891     15.5277    0.212362
          19         0.8     14.5112     15.4742    0.207878
          20         0.8     15.6142     15.4812    0.197335
           1       0.875     11.5224     11.5224           0
           2       0.875     11.4711     11.4968   0.0256457
           3       0.875     11.6739     11.5558   0.0608757
           4       0.875     10.4475     11.2788     0.28041
           5       0.875     10.3804     11.0991    0.281886
           6       0.875     11.1011     11.0994    0.230159
           7       0.875     10.7694     11.0523    0.200152
           8       0.875     10.5931     10.9949    0.182593
           9       0.875     11.2835      11.027    0.164195
          10       0.875     10.8827     11.0125    0.147567
          11       0.875     10.9237     11.0045    0.133723
          12       0.875     13.1279     11.1814    0.214978
          13       0.875     10.0147     11.0917    0.217163
          14       0.875     11.5586      11.125    0.203801
          15       0.875      10.293     11.0695     0.19767
          16       0.875      11.063     11.0691    0.184904
          17       0.875      11.398     11.0885    0.174761
          18       0.875     11.0097     11.0841    0.164825
          19       0.875     11.4858     11.1052    0.157335
          20       0.875     10.7794      11.089    0.150148
           1        0.95     8.26655     8.26655           0
           2        0.95     8.38414     8.32535   0.0587958
           3        0.95     8.59196     8.41422   0.0951327
           4        0.95       7.943     8.29641    0.135658
           5        0.95     9.19278     8.47569    0.207801
           6        0.95     8.69468     8.51219     0.17355
           7        0.95     8.19489     8.46686    0.153521
           8        0.95     8.50616     8.47177    0.133043
           9        0.95      8.6646     8.49319    0.119273
          10        0.95     8.44264     8.48814    0.106801
          11        0.95     9.37489     8.56875    0.125822
          12        0.95     9.22817      8.6237    0.127327
          13        0.95     8.47158       8.612    0.117707
          14        0.95     9.60398     8.68286    0.129986
          15        0.95     7.73698      8.6198    0.136454
          16        0.95     8.76814     8.62907    0.127978
          17        0.95     8.63443     8.62939    0.120215
          18        0.95     8.70082     8.63335    0.113409
          19        0.95     9.22155     8.66431    0.111652
          20        0.95     8.81798       8.672      0.1062
           1       1.025     6.57669     6.57669           0
           2       1.025     6.56286     6.56978  0.00691122
           3       1.025     7.09439     6.74465    0.174918
           4       1.025     7.36296     6.89923    0.197971
           5       1.025      6.8078     6.88094    0.154434
           6       1.025     7.38494     6.96494    0.151512
           7       1.025     6.73961     6.93275    0.132035
           8       1.025     6.93531     6.93307    0.114346
           9       1.025     6.68394     6.90539    0.104574
          10       1.025     7.64529     6.97938     0.11926
          11       1.025      7.3098     7.00942    0.111979
          12       1.025     7.51404     7.05147    0.110534
          13       1.025     6.87292     7.03773      0.1026
          14       1.025     6.99121     7.03441   0.0950473
          15       1.025     6.84491     7.02178   0.0893815
          16       1.025     6.91554     7.01514    0.083872
          17       1.025     6.49158     6.98434   0.0845896
          18       1.025       6.411     6.95249   0.0858773
          19       1.025     6.80661     6.94481   0.0815938
          20       1.025     7.57822     6.97648    0.083635
           1         1.1     5.39185     5.39185           0
           2         1.1     5.96415       5.678    0.286149
           3         1.1     5.73106     5.69569    0.166152
           4         1.1     5.93237     5.75486    0.131546
           5         1.1     5.80406      5.7647    0.102369
           6         1.1      5.7718     5.76588   0.0835925
           7         1.1     5.48305     5.72548   0.0813867
           8         1.1     5.44271     5.69013   0.0788494
           9         1.1     5.26473     5.64286   0.0840822
          10         1.1     5.33965     5.61254   0.0810878
          11         1.1     5.40513     5.59369   0.0757317
          12         1.1     5.69943      5.6025   0.0696926
          13         1.1     5.42054      5.5885   0.0656181
          14         1.1     5.75705     5.60054    0.061932
          15         1.1     5.66418     5.60478   0.0578114
          16         1.1     5.52704     5.59992   0.0542955
          17         1.1     5.48646     5.59325   0.0514366
          18         1.1     5.94143     5.61259   0.0522102
          19         1.1     5.58132     5.61095   0.0494134
          20         1.1     5.58039     5.60942   0.0469025
           1       1.175     4.82924     4.82924           0
           2       1.175      4.9781     4.90367   0.0744272
           3       1.175     4.54004     4.78246    0.128602
           4       1.175     4.55845     4.72646    0.106797
           5       1.175      4.2885     4.63886    0.120481
           6       1.175     4.56872     4.62717   0.0990645
           7       1.175     4.76208     4.64645   0.0859144
           8       1.175     4.73238     4.65719   0.0751754
           9       1.175     4.44667      4.6338    0.070304
          10       1.175     4.36697     4.60711   0.0683086
          11       1.175     4.62416     4.60866   0.0618069
          12       1.175     4.73511      4.6192   0.0573972
          13       1.175     4.66565     4.62277   0.0529185
          14       1.175     4.63479     4.62363   0.0490006
          15       1.175      4.3571     4.60586   0.0489555
          16       1.175     4.48827     4.59851   0.0463798
          17       1.175     4.72472     4.60594   0.0441942
          18       1.175     4.81932     4.61779   0.0433202
          19       1.175     4.87941     4.63156   0.0432284
          20       1.175     4.59736     4.62985   0.0410457
           1        1.25      3.9485      3.9485           0
           2        1.25     4.11782     4.03316   0.0846624
           3        1.25     4.22732     4.09788   0.0811044
           4        1.25     4.01982     4.07837   0.0605789
           5        1.25      4.1032     4.08333   0.0471863
           6        1.25     3.92561     4.05705   0.0466413
           7        1.25     3.97523     4.04536   0.0411156
           8        1.25     3.79341     4.01386   0.0475364
           9        1.25     3.76311       3.986    0.050337
          10        1.25     4.04076     3.99148   0.0453545
          11        1.25     3.85455     3.97903   0.0428717
          12        1.25     4.11648     3.99048   0.0407781
          13        1.25     3.98139     3.98978   0.0375169
          14        1.25     4.16759     4.00248   0.0369831
          15        1.25     3.70901     3.98292      0.0396
          16        1.25     4.14511     3.99306   0.0384045
          17        1.25     4.15208     4.00241   0.0372678
          18        1.25     3.93244     3.99852   0.0353508
          19        1.25     3.98349     3.99773   0.0334479
          20        1.25     4.14397     4.00504    0.032563
           1       1.325     3.54329     3.54329           0
           2       1.325     3.45721     3.50025     0.04304
           3       1.325     3.47719     3.49256    0.026011
           4       1.325     3.40728     3.47124   0.0281582
           5       1.325     3.62036     3.50106   0.0369486
           6       1.325     3.29458     3.46665    0.045765
           7       1.325     3.52027     3.47431   0.0394298
           8       1.325     3.23143     3.44395   0.0456923
           9       1.325      3.4179     3.44105   0.0404007
          10       1.325      3.3185      3.4288    0.038157
          11       1.325      3.3654     3.42304   0.0349923
          12       1.325     3.47246     3.42715   0.0322079
          13       1.325     3.29245     3.41679   0.0313868
          14       1.325     3.46764     3.42042   0.0292846
          15       1.325     3.14866     3.40231   0.0327338
          16       1.325     3.41827      3.4033   0.0306359
          17       1.325     3.44568      3.4058   0.0288852
          18       1.325     3.45081      3.4083   0.0273478
          19       1.325     3.47577     3.41185    0.026111
          20       1.325     3.47422     3.41497   0.0249666
           1         1.4     3.06635     3.06635           0
           2         1.4      2.8607     2.96353    0.102826
           3         1.4     2.98763     2.97156   0.0599075
           4         1.4     2.94006     2.96369   0.0430867
           5         1.4     2.93745     2.95844   0.0337848
           6         1.4     2.94081      2.9555   0.0277412
           7         1.4     3.08918      2.9746   0.0302391
           8         1.4     2.88793     2.96376   0.0283404
           9         1.4     2.94363     2.96153   0.0250938
          10         1.4      2.7015     2.93553     0.03435
          11         1.4     2.97616     2.93922   0.0312896
          12         1.4     3.04725     2.94822   0.0299483
          13         1.4     2.92111     2.94614   0.0276273
          14         1.4     2.89209     2.94228   0.0258676
          15         1.4     2.92502     2.94112   0.0241089
          16         1.4     3.08809     2.95031   0.0243507
          17         1.4     2.83769     2.94369   0.0238135
          18         1.4     2.91043     2.94184   0.0225274
          19         1.4     2.90022     2.93965   0.0214211
          20         1.4     2.96852     2.94109   0.0203731
           1       1.475     2.62519     2.62519           0
           2       1.475     2.63839     2.63179  0.00660068
           3       1.475     2.68338     2.64899    0.017614
           4       1.475     2.54167     2.62216   0.0295782
           5       1.475        2.54     2.60573   0.0281939
           6       1.475     2.56592     2.59909   0.0239573
           7       1.475     2.82211     2.63095    0.037749
           8       1.475     2.66332       2.635    0.032941
           9       1.475     2.58875     2.62986   0.0295022
          10       1.475     2.68642     2.63551    0.026987
          11       1.475     2.63342     2.63532   0.0244114
          12       1.475     2.71709     2.64214   0.0233029
          13       1.475     2.55799     2.63566   0.0223914
          14       1.475     2.65513     2.63705    0.020777
          15       1.475     2.61066      2.6353   0.0194222
          16       1.475     2.76167     2.64319   0.0198103
          17       1.475     2.61429     2.64149   0.0186861
          18       1.475     2.62787     2.64074   0.0176336
          19       1.475     2.69466     2.64357   0.0169195
          20       1.475     2.78754     2.65077   0.0175914
           1        1.55     2.32805     2.32805           0
           2        1.55     2.32938     2.32872 0.000665806
           3        1.55      2.3551     2.33751  0.00880152
           4        1.55     2.31685     2.33234  0.00808833
           5        1.55     2.37697     2.34127   0.0109046
           6        1.55     2.35013     2.34275  0.00902528
           7        1.55     2.30903     2.33793  0.00902107
           8        1.55     2.35642     2.34024  0.00814711
           9        1.55     2.31358     2.33728  0.00777183
          10        1.55      2.4562     2.34917   0.0137749
          11        1.55     2.28962     2.34376   0.0135853
          12        1.55     2.42551     2.35057   0.0141496
          13        1.55     2.22043     2.34056   0.0164201
          14        1.55     2.46189     2.34923    0.017499
          15        1.55     2.26763     2.34379   0.0171749
          16        1.55      2.2937     2.34066   0.0163678
          17        1.55       2.242     2.33485   0.0164337
          18        1.55     2.29134     2.33243   0.0156813
          19        1.55     2.46074     2.33919   0.0162979
          20        1.55     2.42413     2.34344   0.0160343
           1       1.625     2.15488     2.15488           0
           2       1.625     2.04811     2.10149   0.0533834
           3       1.625     2.12657     2.10985   0.0319346
           4       1.625     2.08185     2.10285   0.0236417
           5       1.625     2.10863     2.10401   0.0183493
           6       1.625     2.12006     2.10668   0.0152193
           7       1.625     2.14034     2.11149    0.013732
           8       1.625     2.11268     2.11164   0.0118932
           9       1.625      2.1017     2.11054   0.0105468
          10       1.625     2.08906     2.10839  0.00967463
          11       1.625     2.05206     2.10327   0.0101391
          12       1.625     2.05512     2.09926    0.010088
          13       1.625     2.08131     2.09788  0.00938165
          14       1.625     2.11345     2.09899   0.0087567
          15       1.625     2.08126     2.09781  0.00823726
          16       1.625     2.09365     2.09755  0.00770963
          17       1.625     2.09762     2.09755  0.00724194
          18       1.625     2.13304     2.09952  0.00710675
          19       1.625     2.07018     2.09798  0.00689744
          20       1.625     2.04811     2.09549   0.0070024
           1         1.7     1.85038     1.85038           0
           2         1.7     1.92914     1.88976   0.0393812
           3         1.7     1.91033     1.89661   0.0237483
           4         1.7     1.86984     1.88992   0.0180771
           5         1.7     1.88536     1.88901   0.0140321
           6         1.7     1.93319     1.89637   0.0136194
           7         1.7      1.9242     1.90035   0.0121775
           8         1.7     1.83169     1.89177   0.0135969
           9         1.7     1.96941     1.90039    0.014772
          10         1.7      1.8823     1.89858   0.0133359
          11         1.7      1.8708     1.89606   0.0123244
          12         1.7     1.83168     1.89069   0.0124644
          13         1.7     1.82141     1.88536   0.0126436
          14         1.7     1.91409     1.88741   0.0118842
          15         1.7      1.9262        1.89   0.0113618
          16         1.7     1.82903     1.88619   0.0112906
          17         1.7     1.89733     1.88685   0.0106259
          18         1.7     1.89155     1.88711   0.0100216
          19         1.7     1.86311     1.88584  0.00956321
          20         1.7     1.91916     1.88751  0.00922411
           1       1.775     1.73754     1.73754           0
           2       1.775     1.68317     1.71036   0.0271842
           3       1.775      1.7289     1.71654   0.0168682
           4       1.775     1.69678      1.7116   0.0129101
           5       1.775     1.75383     1.72005   0.0130903
           6       1.775     1.80684     1.73451   0.0179861
           7       1.775      1.7772     1.74061   0.0163786
           8       1.775      1.7006     1.73561   0.0150401
           9       1.775      1.7727     1.73973   0.0138896
          10       1.775     1.73114     1.73887   0.0124529
          11       1.775     1.81266     1.74558   0.0131102
          12       1.775     1.65978     1.73843    0.013941
          13       1.775     1.74417     1.73887   0.0128315
          14       1.775     1.79166     1.74264   0.0124637
          15       1.775     1.76869     1.74438   0.0117323
          16       1.775     1.69906     1.74155   0.0113343
          17       1.775     1.78852     1.74431   0.0109994
          18       1.775     1.71084     1.74245   0.0105356
          19       1.775     1.70682     1.74057   0.0101406
          20       1.775     1.70771     1.73893  0.00975955
           1        1.85     1.58864     1.58864           0
           2        1.85     1.63301     1.61083   0.0221816
           3        1.85     1.63169     1.61778   0.0145729
           4        1.85     1.53751     1.59771   0.0225578
           5        1.85     1.56928     1.59203    0.018375
           6        1.85     1.62816     1.59805   0.0161669
           7        1.85     1.60895     1.59961   0.0137519
           8        1.85     1.60155     1.59985    0.011912
           9        1.85     1.56598     1.59609   0.0111589
          10        1.85     1.62216     1.59869   0.0103157
          11        1.85     1.61004     1.59973  0.00938777
          12        1.85     1.54893     1.59549  0.00955842
          13        1.85     1.59555      1.5955  0.00879247
          14        1.85     1.54873     1.59216  0.00879898
          15        1.85     1.60817     1.59322  0.00826071
          16        1.85     1.58373     1.59263  0.00774993
          17        1.85     1.64627     1.59579  0.00793416
          18        1.85     1.60224     1.59614  0.00748897
          19        1.85     1.55111     1.59377  0.00746989
          20        1.85     1.59427      1.5938  0.00708661
           1       1.925     1.54153     1.54153           0
           2       1.925     1.50567      1.5236   0.0179283
           3       1.925     1.45797     1.50173   0.0242028
           4       1.925     1.45571     1.49022   0.0206206
           5       1.925     1.45093     1.48236   0.0178008
           6       1.925     1.45277     1.47743   0.0153484
           7       1.925     1.43037     1.47071   0.0146105
           8       1.925     1.50361     1.47482   0.0133046
           9       1.925     1.47412     1.47474   0.0117338
          10       1.925     1.49486     1.47676    0.010686
          11       1.925     1.44113     1.47352   0.0101939
          12       1.925     1.43138     1.47001  0.00994615
          13       1.925       1.516     1.47354  0.00980933
          14       1.925     1.46182     1.47271  0.00912018
          15       1.925     1.49319     1.47407  0.00859955
          16       1.925     1.49519     1.47539  0.00815166
          17       1.925      1.4741     1.47532  0.00765753
          18       1.925     1.48781     1.47601  0.00725287
          19       1.925     1.42848     1.47351  0.00730238
          20       1.925     1.52121     1.47589  0.00732665
           1           2     1.37821     1.37821           0
           2           2     1.37326     1.37574    0.002472
           3           2     1.36194     1.37114  0.00481632
           4           2     1.30759     1.35525    0.016247
           5           2      1.3409     1.35238   0.0129079
           6           2     1.36636     1.35471   0.0107938
           7           2     1.35197     1.35432  0.00913081
           8           2     1.37884     1.35738  0.00848064
           9           2     1.34772     1.35631  0.00755583
          10           2     1.36238     1.35692  0.00678535
          11           2     1.32891     1.35437  0.00664465
          12           2     1.31354     1.35097  0.00695504
          13           2     1.33979     1.35011  0.00645521
          14           2     1.36635     1.35127   0.0060879
          15           2     1.44014     1.35719  0.00819921
          16           2     1.34813     1.35663  0.00769056
          17           2     1.36811      1.3573  0.00725552
          18           2     1.34207     1.35646  0.00689273
          19           2     1.34392      1.3558  0.00655317
          20           2     1.31783      1.3539  0.00650027
