           1         0.5   -0.965656   -0.965656           0
           2         0.5   -0.981224    -0.97344    0.007784
           3         0.5   -0.976536   -0.974472  0.00461106
           4         0.5   -0.971736   -0.973788  0.00333149
           5         0.5   -0.969752   -0.972981  0.00270386
           6         0.5   -0.968656    -0.97226  0.00232238
           7         0.5   -0.966568   -0.971447  0.00212454
           8         0.5   -0.975096   -0.971903  0.00189561
           9         0.5   -0.978312   -0.972615  0.00181711
          10         0.5   -0.971864    -0.97254  0.00162701
          11         0.5   -0.973616   -0.972638  0.00147493
          12         0.5   -0.972552   -0.972631  0.00134644
          13         0.5   -0.973136    -0.97267  0.00123916
          14         0.5   -0.963992    -0.97205  0.00130397
          15         0.5    -0.97612   -0.972321  0.00124389
          16         0.5   -0.975416   -0.972514  0.00117952
          17         0.5   -0.971976   -0.972483  0.00110842
          18         0.5   -0.979952   -0.972898   0.0011244
          19         0.5   -0.977104   -0.973119  0.00108637
          20         0.5   -0.980592   -0.973493  0.00109626
           1       0.575    -0.94016    -0.94016           0
           2       0.575    -0.94664     -0.9434     0.00324
           3       0.575   -0.952648   -0.946483  0.00360583
           4       0.575   -0.942992    -0.94561  0.00269491
           5       0.575   -0.942832   -0.945054  0.00216015
           6       0.575   -0.932384   -0.942943  0.00275141
           7       0.575   -0.934632   -0.941755  0.00261091
           8       0.575   -0.941936   -0.941778  0.00226123
           9       0.575   -0.941976     -0.9418  0.00199434
          10       0.575   -0.941168   -0.941737  0.00178491
          11       0.575    -0.94824   -0.942328  0.00171935
          12       0.575   -0.949352   -0.942913  0.00167514
          13       0.575    -0.93932   -0.942637   0.0015655
          14       0.575   -0.940128   -0.942458   0.0014604
          15       0.575   -0.952176   -0.943106  0.00150604
          16       0.575   -0.945896    -0.94328  0.00141953
          17       0.575   -0.945048   -0.943384  0.00133746
          18       0.575   -0.949472   -0.943722  0.00130555
          19       0.575   -0.953136   -0.944218  0.00133061
          20       0.575   -0.942696   -0.944142  0.00126462
           1        0.65   -0.918976   -0.918976           0
           2        0.65   -0.913976   -0.916476      0.0025
           3        0.65   -0.922312   -0.918421  0.00242232
           4        0.65   -0.908808   -0.916018  0.00295124
           5        0.65   -0.912576    -0.91533  0.00238742
           6        0.65   -0.911736   -0.914731  0.00203926
           7        0.65   -0.905304   -0.913384  0.00218722
           8        0.65   -0.909136   -0.912853  0.00196721
           9        0.65   -0.907536   -0.912262  0.00183274
          10        0.65   -0.920216   -0.913058  0.00182203
          11        0.65   -0.905392   -0.912361  0.00178936
          12        0.65   -0.918384   -0.912863  0.00170884
          13        0.65   -0.910112   -0.912651  0.00158608
          14        0.65   -0.911976   -0.912603  0.00146921
          15        0.65   -0.915336   -0.912785  0.00137985
          16        0.65   -0.913312   -0.912818  0.00129115
          17        0.65   -0.912792   -0.912816  0.00121282
          18        0.65   -0.922528   -0.913356  0.00126436
          19        0.65   -0.914336   -0.913408  0.00119707
          20        0.65   -0.911568   -0.913316  0.00113936
           1       0.725   -0.886032   -0.886032           0
           2       0.725   -0.884328    -0.88518    0.000852
           3       0.725    -0.88324   -0.884533 0.000812494
           4       0.725   -0.876344   -0.882486  0.00212642
           5       0.725   -0.881184   -0.882226  0.00166757
           6       0.725   -0.877672   -0.881467   0.0015588
           7       0.725    -0.88156    -0.88148  0.00131749
           8       0.725   -0.878288   -0.881081  0.00120873
           9       0.725   -0.883208   -0.881317  0.00109189
          10       0.725    -0.88488   -0.881674  0.00103957
          11       0.725   -0.876896   -0.881239  0.00103578
          12       0.725   -0.888928    -0.88188  0.00114218
          13       0.725   -0.875288   -0.881373  0.00116662
          14       0.725   -0.881256   -0.881365  0.00108011
          15       0.725   -0.881824   -0.881395  0.00100599
          16       0.725   -0.884584   -0.881595 0.000961894
          17       0.725   -0.880952   -0.881557 0.000904333
          18       0.725    -0.88136   -0.881546 0.000852683
          19       0.725   -0.884488   -0.881701 0.000821288
          20       0.725   -0.883568   -0.881794 0.000784717
           1         0.8   -0.850416   -0.850416           0
           2         0.8   -0.848616   -0.849516      0.0009
           3         0.8    -0.84828   -0.849104 0.000663132
           4         0.8   -0.845056   -0.848092  0.00111535
           5         0.8   -0.849328   -0.848339  0.00089862
           6         0.8   -0.847104   -0.848133 0.000762054
           7         0.8    -0.85016   -0.848423 0.000706136
           8         0.8    -0.85368    -0.84908 0.000897668
           9         0.8   -0.850736   -0.849264  0.00081277
          10         0.8   -0.850984   -0.849436 0.000747034
          11         0.8   -0.846712   -0.849188 0.000719666
          12         0.8   -0.857352   -0.849869 0.000945733
          13         0.8   -0.850096   -0.849886 0.000870124
          14         0.8   -0.848664   -0.849799 0.000810294
          15         0.8   -0.843976   -0.849411 0.000848366
          16         0.8   -0.851648   -0.849551 0.000805799
          17         0.8   -0.847912   -0.849454 0.000763028
          18         0.8   -0.844944   -0.849204 0.000761777
          19         0.8   -0.849832   -0.849237 0.000721327
          20         0.8   -0.848064   -0.849178 0.000686818
           1       0.875   -0.815112   -0.815112           0
           2       0.875    -0.81852   -0.816816    0.001704
           3       0.875   -0.820896   -0.818176  0.00167853
           4       0.875   -0.812176   -0.816676  0.00191278
           5       0.875   -0.813648    -0.81607  0.00160062
           6       0.875   -0.816568   -0.816153  0.00130953
           7       0.875    -0.81332   -0.815749  0.00117845
           8       0.875    -0.81784    -0.81601  0.00105352
           9       0.875     -0.8156   -0.815964 0.000930232
          10       0.875   -0.811944   -0.815562  0.00092407
          11       0.875   -0.812864   -0.815317 0.000871106
          12       0.875   -0.821848   -0.815861 0.000963616
          13       0.875   -0.812688   -0.815617 0.000919395
          14       0.875   -0.821008   -0.816002 0.000934237
          15       0.875   -0.811088   -0.815675 0.000929387
          16       0.875   -0.814744   -0.815616 0.000871305
          17       0.875   -0.816328   -0.815658 0.000819518
          18       0.875   -0.809392    -0.81531 0.000847456
          19       0.875   -0.818072   -0.815456 0.000814685
          20       0.875    -0.81332   -0.815349  0.00078022
           1        0.95    -0.78044    -0.78044           0
           2        0.95    -0.78172    -0.78108     0.00064
           3        0.95   -0.787344   -0.783168  0.00212044
           4        0.95    -0.77716   -0.781666   0.0021223
           5        0.95   -0.784344   -0.782202  0.00172897
           6        0.95    -0.78304   -0.782341   0.0014186
           7        0.95   -0.783488   -0.782505  0.00121008
           8        0.95   -0.784568   -0.782763  0.00107921
           9        0.95   -0.781912   -0.782668 0.000956462
          10        0.95    -0.78268    -0.78267 0.000855486
          11        0.95   -0.779128   -0.782348 0.000838125
          12        0.95   -0.787304   -0.782761 0.000869466
          13        0.95   -0.781752   -0.782683 0.000803547
          14        0.95   -0.785288   -0.782869 0.000766856
          15        0.95   -0.775824   -0.782399 0.000854549
          16        0.95    -0.78196   -0.782372 0.000799829
          17        0.95   -0.780784   -0.782279 0.000757094
          18        0.95   -0.783208    -0.78233  0.00071566
          19        0.95   -0.783528   -0.782393 0.000679875
          20        0.95   -0.784112   -0.782479 0.000650686
           1       1.025    -0.74716    -0.74716           0
           2       1.025   -0.750744   -0.748952    0.001792
           3       1.025   -0.752456    -0.75012  0.00156034
           4       1.025   -0.750776   -0.750284  0.00111545
           5       1.025   -0.753776   -0.750982  0.00111099
           6       1.025   -0.755088   -0.751667  0.00113626
           7       1.025     -0.7516   -0.751657 0.000960361
           8       1.025   -0.753728   -0.751916 0.000871049
           9       1.025    -0.75168    -0.75189 0.000768641
          10       1.025   -0.755648   -0.752266 0.000783511
          11       1.025     -0.7498   -0.752041 0.000743313
          12       1.025    -0.75456   -0.752251 0.000710266
          13       1.025   -0.752032   -0.752234 0.000653567
          14       1.025   -0.753392   -0.752317 0.000610709
          15       1.025   -0.746928   -0.751958 0.000672544
          16       1.025   -0.749848   -0.751826 0.000642779
          17       1.025   -0.748664    -0.75164 0.000631786
          18       1.025   -0.750048   -0.751552 0.000602184
          19       1.025   -0.751144    -0.75153 0.000570013
          20       1.025   -0.752536    -0.75158 0.000543095
           1         1.1   -0.715832   -0.715832           0
           2         1.1   -0.724648    -0.72024    0.004408
           3         1.1   -0.724784   -0.721755  0.00296159
           4         1.1    -0.72016   -0.721356  0.00213177
           5         1.1   -0.720072   -0.721099  0.00167111
           6         1.1   -0.721312   -0.721135  0.00136492
           7         1.1   -0.720408   -0.721031  0.00115823
           8         1.1   -0.722648   -0.721233  0.00102322
           9         1.1   -0.720664    -0.72117 0.000904608
          10         1.1    -0.72348   -0.721401 0.000841442
          11         1.1   -0.718416   -0.721129 0.000808035
          12         1.1   -0.720056    -0.72104 0.000743036
          13         1.1   -0.720896   -0.721029 0.000683584
          14         1.1   -0.721712   -0.721078 0.000634753
          15         1.1   -0.719216   -0.720954 0.000603817
          16         1.1   -0.718128   -0.720777 0.000591784
          17         1.1   -0.719136    -0.72068 0.000564203
          18         1.1   -0.720432   -0.720667 0.000532115
          19         1.1   -0.720912    -0.72068 0.000503496
          20         1.1   -0.721768   -0.720734 0.000480748
           1       1.175   -0.690656   -0.690656           0
           2       1.175    -0.69632   -0.693488    0.002832
           3       1.175   -0.691848   -0.692941  0.00172402
           4       1.175   -0.688656    -0.69187  0.00162292
           5       1.175    -0.69008   -0.691512  0.00130709
           6       1.175   -0.693584   -0.691857  0.00112172
           7       1.175   -0.691728   -0.691839 0.000948204
           8       1.175   -0.691568   -0.691805 0.000821867
           9       1.175    -0.69328   -0.691969 0.000743116
          10       1.175   -0.691304   -0.691902  0.00066798
          11       1.175   -0.692664   -0.691972 0.000608165
          12       1.175      -0.691   -0.691891  0.00056105
          13       1.175      -0.692   -0.691899 0.000516159
          14       1.175   -0.693376   -0.692005 0.000489376
          15       1.175   -0.689744   -0.691854 0.000479864
          16       1.175   -0.691224   -0.691814 0.000450594
          17       1.175   -0.689032   -0.691651 0.000453805
          18       1.175    -0.68856   -0.691479 0.000461023
          19       1.175   -0.695528   -0.691692 0.000485366
          20       1.175     -0.6942   -0.691818 0.000477226
           1        1.25    -0.66336    -0.66336           0
           2        1.25   -0.667304   -0.665332    0.001972
           3        1.25   -0.665936   -0.665533   0.0011562
           4        1.25   -0.661992   -0.664648  0.00120508
           5        1.25   -0.664064   -0.664531 0.000940729
           6        1.25   -0.666896   -0.664925  0.00086332
           7        1.25    -0.66484   -0.664913  0.00072974
           8        1.25   -0.663128    -0.66469 0.000670211
           9        1.25    -0.66556   -0.664787 0.000598923
          10        1.25   -0.663696   -0.664678 0.000546684
          11        1.25   -0.663856   -0.664603 0.000500103
          12        1.25   -0.664128   -0.664563 0.000458242
          13        1.25   -0.663392   -0.664473 0.000431043
          14        1.25   -0.666728   -0.664634 0.000430342
          15        1.25   -0.661272    -0.66441 0.000459071
          16        1.25   -0.664232   -0.664399 0.000429566
          17        1.25   -0.663912    -0.66437 0.000404523
          18        1.25   -0.661832   -0.664229 0.000406624
          19        1.25    -0.66664   -0.664356 0.000405014
          20        1.25   -0.665144   -0.664396 0.000386244
           1       1.325   -0.637928   -0.637928           0
           2       1.325    -0.64028   -0.639104    0.001176
           3       1.325   -0.639016   -0.639075 0.000679597
           4       1.325   -0.637656    -0.63872 0.000597256
           5       1.325   -0.637016   -0.638379 0.000574607
           6       1.325   -0.640384   -0.638713 0.000575987
           7       1.325   -0.640752   -0.639005 0.000567267
           8       1.325   -0.636208   -0.638655 0.000602946
           9       1.325   -0.639432   -0.638741 0.000538711
          10       1.325   -0.636832    -0.63855 0.000518289
          11       1.325   -0.636168   -0.638334 0.000516421
          12       1.325   -0.638264   -0.638328 0.000471461
          13       1.325   -0.637672   -0.638278 0.000436607
          14       1.325    -0.64232   -0.638566 0.000496758
          15       1.325   -0.637648   -0.638505 0.000466491
          16       1.325   -0.637536   -0.638445 0.000440546
          17       1.325   -0.637504   -0.638389 0.000417502
          18       1.325   -0.636888   -0.638306 0.000402363
          19       1.325   -0.640928   -0.638444 0.000404848
          20       1.325   -0.635592   -0.638301 0.000409687
           1         1.4   -0.612984   -0.612984           0
           2         1.4   -0.614152   -0.613568    0.000584
           3         1.4   -0.611648   -0.612928 0.000723385
           4         1.4    -0.61148   -0.612566 0.000626647
           5         1.4   -0.610656   -0.612184 0.000617686
           6         1.4   -0.615448   -0.612728 0.000741818
           7         1.4   -0.616944    -0.61333 0.000869376
           8         1.4   -0.614272   -0.613448 0.000762048
           9         1.4   -0.615112   -0.613633 0.000697032
          10         1.4    -0.60956   -0.613226 0.000744692
          11         1.4   -0.612528   -0.613162 0.000676578
          12         1.4   -0.614136   -0.613243 0.000622937
          13         1.4   -0.612296    -0.61317 0.000577634
          14         1.4   -0.612648   -0.613133 0.000536086
          15         1.4    -0.61172   -0.613039 0.000507883
          16         1.4   -0.612488   -0.613005 0.000476327
          17         1.4   -0.610704   -0.612869 0.000467448
          18         1.4   -0.612536   -0.612851 0.000441102
          19         1.4   -0.614552    -0.61294 0.000426741
          20         1.4   -0.613568   -0.612972 0.000406057
           1       1.475   -0.589736   -0.589736           0
           2       1.475   -0.591784    -0.59076    0.001024
           3       1.475    -0.58964   -0.590387 0.000699216
           4       1.475   -0.586792   -0.589488   0.0010257
           5       1.475    -0.58924   -0.589438 0.000796048
           6       1.475    -0.59168   -0.589812 0.000749692
           7       1.475   -0.592832   -0.590243 0.000766542
           8       1.475   -0.590808   -0.590314 0.000667585
           9       1.475   -0.591592   -0.590456 0.000605637
          10       1.475     -0.5884    -0.59025 0.000579404
          11       1.475    -0.58992    -0.59022  0.00052495
          12       1.475   -0.590848   -0.590273 0.000482058
          13       1.475   -0.589304   -0.590198 0.000449645
          14       1.475    -0.59264   -0.590373 0.000451353
          15       1.475   -0.589832   -0.590337 0.000421729
          16       1.475   -0.590576   -0.590352 0.000394776
          17       1.475   -0.585496   -0.590066 0.000468071
          18       1.475    -0.58776   -0.589938 0.000459519
          19       1.475   -0.594256   -0.590165 0.000490494
          20       1.475   -0.589184   -0.590116 0.000467902
           1        1.55   -0.569856   -0.569856           0
           2        1.55   -0.568104    -0.56898    0.000876
           3        1.55   -0.567456   -0.568472 0.000716837
           4        1.55    -0.56452   -0.567484  0.00111044
           5        1.55   -0.567464    -0.56748 0.000860151
           6        1.55   -0.570448   -0.567975 0.000859031
           7        1.55   -0.569928   -0.568254 0.000777794
           8        1.55   -0.568968   -0.568343 0.000679481
           9        1.55   -0.570344   -0.568565 0.000639162
          10        1.55   -0.567232   -0.568432 0.000587027
          11        1.55    -0.56964   -0.568542 0.000542223
          12        1.55    -0.56936    -0.56861 0.000499653
          13        1.55   -0.570152   -0.568729 0.000474673
          14        1.55    -0.57024   -0.568837 0.000452528
          15        1.55   -0.566944    -0.56871 0.000439769
          16        1.55   -0.567928   -0.568661 0.000414262
          17        1.55   -0.567864   -0.568615 0.000391949
          18        1.55   -0.567816    -0.56857 0.000372187
          19        1.55   -0.570392   -0.568666 0.000364877
          20        1.55   -0.566544    -0.56856  0.00036205
           1       1.625   -0.547696   -0.547696           0
           2       1.625   -0.549248   -0.548472    0.000776
           3       1.625    -0.54648   -0.547808 0.000801013
           4       1.625   -0.544336    -0.54694  0.00103645
           5       1.625    -0.54608   -0.546768 0.000821051
           6       1.625   -0.549832   -0.547279 0.000842732
           7       1.625   -0.550608   -0.547754 0.000856444
           8       1.625    -0.54896   -0.547905  0.00075686
           9       1.625   -0.550456   -0.548188 0.000725177
          10       1.625   -0.545152   -0.547885 0.000716174
          11       1.625   -0.546168   -0.547729 0.000666339
          12       1.625   -0.544976   -0.547499 0.000650099
          13       1.625   -0.549232   -0.547633 0.000612677
          14       1.625   -0.550064   -0.547806  0.00059322
          15       1.625   -0.548304   -0.547839 0.000553253
          16       1.625   -0.546256    -0.54774 0.000526899
          17       1.625   -0.547992   -0.547755 0.000495156
          18       1.625    -0.54528   -0.547618 0.000486671
          19       1.625   -0.548824   -0.547681 0.000464701
          20       1.625   -0.545528   -0.547574  0.00045381
           1         1.7   -0.528648   -0.528648           0
           2         1.7   -0.530088   -0.529368     0.00072
           3         1.7   -0.527472   -0.528736 0.000756455
           4         1.7   -0.526008   -0.528054 0.000866739
           5         1.7   -0.527288   -0.527901  0.00068863
           6         1.7   -0.529544   -0.528175 0.000625415
           7         1.7    -0.52988   -0.528418 0.000582013
           8         1.7   -0.527784   -0.528339 0.000510236
           9         1.7   -0.529776   -0.528499 0.000477473
          10         1.7   -0.525856   -0.528234 0.000502216
          11         1.7      -0.527   -0.528122 0.000467927
          12         1.7   -0.527632   -0.528081 0.000429106
          13         1.7   -0.529112   -0.528161 0.000402603
          14         1.7   -0.531456   -0.528396  0.00044084
          15         1.7   -0.529232   -0.528452 0.000414167
          16         1.7   -0.527096   -0.528367 0.000396575
          17         1.7    -0.52328   -0.528068 0.000477819
          18         1.7   -0.525832   -0.527944 0.000467302
          19         1.7    -0.52944   -0.528022 0.000448985
          20         1.7   -0.526288   -0.527936 0.000434682
           1       1.775   -0.510696   -0.510696           0
           2       1.775   -0.511304      -0.511    0.000304
           3       1.775   -0.508992   -0.510331 0.000691963
           4       1.775    -0.50708   -0.509518 0.000948595
           5       1.775    -0.50876   -0.509366 0.000750255
           6       1.775   -0.512096   -0.509821 0.000763033
           7       1.775   -0.512896   -0.510261 0.000780257
           8       1.775   -0.509864   -0.510211 0.000677538
           9       1.775   -0.511968   -0.510406 0.000628615
          10       1.775   -0.508928   -0.510258 0.000581358
          11       1.775   -0.511696   -0.510389 0.000541855
          12       1.775   -0.506808   -0.510091 0.000577693
          13       1.775   -0.512616   -0.510285 0.000565793
          14       1.775   -0.512408   -0.510437 0.000545332
          15       1.775   -0.509704   -0.510388  0.00051002
          16       1.775   -0.508008   -0.510239 0.000499727
          17       1.775   -0.509152   -0.510175 0.000473747
          18       1.775   -0.508848   -0.510101 0.000452697
          19       1.775   -0.512024   -0.510203 0.000440003
          20       1.775   -0.507776   -0.510081 0.000434698
           1        1.85   -0.492576   -0.492576           0
           2        1.85   -0.495072   -0.493824    0.001248
           3        1.85   -0.496024   -0.494557  0.00102808
           4        1.85     -0.4906   -0.493568   0.0012277
           5        1.85   -0.490504   -0.492955  0.00113132
           6        1.85   -0.495136   -0.493319 0.000992652
           7        1.85   -0.495904   -0.493688 0.000916643
           8        1.85    -0.49496   -0.493847 0.000809603
           9        1.85   -0.494816   -0.493955 0.000722075
          10        1.85    -0.49228   -0.493787 0.000667202
          11        1.85   -0.492904   -0.493707 0.000608825
          12        1.85    -0.49204   -0.493568 0.000572875
          13        1.85   -0.494288   -0.493623  0.00052987
          14        1.85   -0.494848   -0.493711 0.000498302
          15        1.85   -0.494472   -0.493762 0.000466661
          16        1.85   -0.492512   -0.493683 0.000443453
          17        1.85   -0.493408   -0.493667 0.000416867
          18        1.85    -0.49232   -0.493592  0.00040009
          19        1.85   -0.493216   -0.493573 0.000378965
          20        1.85    -0.49036   -0.493412 0.000393771
           1       1.925   -0.477712   -0.477712           0
           2       1.925   -0.478104   -0.477908    0.000196
           3       1.925   -0.479264    -0.47836  0.00046595
           4       1.925    -0.47488    -0.47749 0.000930298
           5       1.925    -0.47356   -0.476704  0.00106633
           6       1.925   -0.479272   -0.477132  0.00097017
           7       1.925   -0.478232   -0.477289 0.000834866
           8       1.925   -0.477808   -0.477354 0.000725918
           9       1.925   -0.480784   -0.477735 0.000745051
          10       1.925   -0.475464   -0.477508 0.000704032
          11       1.925   -0.477312    -0.47749  0.00063707
          12       1.925   -0.476048    -0.47737 0.000593851
          13       1.925   -0.481768   -0.477708 0.000642538
          14       1.925    -0.47728   -0.477678 0.000595661
          15       1.925   -0.477816   -0.477687 0.000554607
          16       1.925   -0.477696   -0.477687 0.000518788
          17       1.925   -0.476264   -0.477604 0.000494458
          18       1.925    -0.47724   -0.477584 0.000466617
          19       1.925   -0.476472   -0.477525 0.000445236
          20       1.925   -0.475688   -0.477433  0.00043226
           1           2   -0.461872   -0.461872           0
           2           2   -0.463496   -0.462684    0.000812
           3           2   -0.462008   -0.462459  0.00052015
           4           2   -0.458624     -0.4615   0.0010268
           5           2   -0.459872   -0.461174 0.000859423
           6           2    -0.46316   -0.461505 0.000775836
           7           2    -0.46228   -0.461616 0.000664975
           8           2    -0.46152   -0.461604  0.00057601
           9           2   -0.465264   -0.462011 0.000650719
          10           2   -0.459352   -0.461745 0.000639869
          11           2   -0.463944   -0.461945 0.000612341
          12           2   -0.461304   -0.461891 0.000561532
          13           2   -0.465256    -0.46215 0.000577751
          14           2   -0.463304   -0.462233 0.000541206
          15           2   -0.464448    -0.46238 0.000525037
          16           2   -0.464696   -0.462525 0.000512009
          17           2   -0.460592   -0.462411 0.000494207
          18           2     -0.4626   -0.462422 0.000466061
          19           2    -0.46192   -0.462395  0.00044164
          20           2   -0.459616   -0.462256 0.000441422
