           1         0.5    0.383746    0.383746           0
           2         0.5     0.25474    0.319243   0.0645028
           3         0.5    0.321376    0.319954   0.0372475
           4         0.5    0.329829    0.322423   0.0264534
           5         0.5    0.349364    0.327811   0.0211873
           6         0.5    0.384375    0.337238   0.0197013
           7         0.5    0.366156    0.341369   0.0171555
           8         0.5     0.32895    0.339817    0.014938
           9         0.5    0.301574    0.335568   0.0138424
          10         0.5    0.342793     0.33629   0.0124021
          11         0.5    0.322345    0.335023   0.0112895
          12         0.5    0.355817    0.336756   0.0104505
          13         0.5    0.348977    0.337696  0.00965894
          14         0.5    0.387213    0.341233  0.00961651
          15         0.5    0.300797    0.338537  0.00934953
          16         0.5    0.320597    0.337416  0.00881726
          17         0.5    0.369395    0.339297  0.00849332
          18         0.5     0.27776    0.335878  0.00870684
          19         0.5    0.293235    0.333634  0.00853619
          20         0.5    0.276666    0.330785  0.00858447
           1       0.575    0.402918    0.402918           0
           2       0.575    0.438356    0.420637   0.0177192
           3       0.575    0.408782    0.416685   0.0109669
           4       0.575    0.394503     0.41114  0.00953368
           5       0.575     0.42426    0.413764  0.00783713
           6       0.575    0.418734    0.414592  0.00645238
           7       0.575    0.460556    0.421158  0.00853543
           8       0.575    0.407291    0.419425  0.00759242
           9       0.575    0.386216    0.415735  0.00764525
          10       0.575    0.445592    0.418721  0.00746151
          11       0.575    0.393912    0.416465  0.00711605
          12       0.575    0.417618    0.416561  0.00649674
          13       0.575    0.429516    0.417558  0.00605865
          14       0.575    0.397112    0.416098  0.00579622
          15       0.575    0.414473    0.415989  0.00539708
          16       0.575    0.415909    0.415984   0.0050485
          17       0.575    0.427668    0.416672  0.00479179
          18       0.575    0.384127    0.414864   0.0048661
          19       0.575    0.383698    0.413223   0.0048864
          20       0.575    0.407097    0.412917  0.00464576
           1        0.65    0.446588    0.446588           0
           2        0.65    0.450371    0.448479  0.00189112
           3        0.65    0.439945    0.445635  0.00304717
           4        0.65    0.429389    0.441573  0.00459751
           5        0.65    0.429586    0.439176  0.00429299
           6        0.65    0.478242    0.445687  0.00739461
           7        0.65     0.43153    0.443664  0.00656868
           8        0.65    0.409114    0.439346  0.00714232
           9        0.65    0.456351    0.441235  0.00657624
          10        0.65    0.438148    0.440927  0.00589006
          11        0.65    0.445847    0.441374   0.0053465
          12        0.65    0.449887    0.442083  0.00493196
          13        0.65    0.423326     0.44064  0.00476066
          14        0.65    0.395997    0.437452   0.0054401
          15        0.65    0.451485    0.438387  0.00515014
          16        0.65    0.414001    0.436863  0.00505286
          17        0.65    0.438367    0.436952  0.00474716
          18        0.65    0.443078    0.437292  0.00448859
          19        0.65    0.405349    0.435611  0.00456652
          20        0.65    0.445721    0.436116  0.00436158
           1       0.725    0.437796    0.437796           0
           2       0.725    0.445442    0.441619  0.00382276
           3       0.725    0.451704    0.444981  0.00402149
           4       0.725     0.51426    0.462301   0.0175515
           5       0.725    0.420303    0.453901   0.0159808
           6       0.725    0.414685    0.447365   0.0145937
           7       0.725    0.444314    0.446929   0.0123416
           8       0.725    0.414313    0.442852   0.0114393
           9       0.725    0.456107    0.444325   0.0101955
          10       0.725    0.452629    0.445155  0.00915685
          11       0.725    0.458483    0.446367  0.00837083
          12       0.725     0.42223    0.444356  0.00790179
          13       0.725    0.444381    0.444358  0.00726859
          14       0.725    0.479218    0.446848  0.00717532
          15       0.725    0.433514    0.445959  0.00673875
          16       0.725    0.408453    0.443615  0.00672526
          17       0.725    0.424977    0.442518   0.0064117
          18       0.725    0.471887     0.44415  0.00626133
          19       0.725    0.448108    0.444358  0.00592629
          20       0.725    0.469878    0.445634  0.00576514
           1         0.8    0.439624    0.439624           0
           2         0.8     0.45555    0.447587  0.00796319
           3         0.8    0.436894    0.444023  0.00581744
           4         0.8    0.476403    0.452118  0.00908025
           5         0.8    0.441602    0.450015  0.00734123
           6         0.8    0.436257    0.447722  0.00641767
           7         0.8    0.469035    0.450767  0.00622011
           8         0.8     0.43388    0.448656   0.0057856
           9         0.8    0.463495    0.450305  0.00536222
          10         0.8    0.454924    0.450767  0.00481831
          11         0.8     0.45213    0.450891  0.00436009
          12         0.8    0.438327    0.449844  0.00411559
          13         0.8    0.431037    0.448397  0.00405279
          14         0.8    0.443086    0.448018  0.00377128
          15         0.8    0.449415    0.448111  0.00351211
          16         0.8      0.4827    0.450273  0.00393277
          17         0.8    0.443759    0.449889    0.003714
          18         0.8     0.43169    0.448878  0.00364464
          19         0.8    0.445098    0.448679  0.00345322
          20         0.8     0.44622    0.448556  0.00327832
           1       0.875    0.445844    0.445844           0
           2       0.875    0.455662    0.450753  0.00490913
           3       0.875    0.431407    0.444304  0.00704415
           4       0.875    0.444389    0.444326  0.00498101
           5       0.875    0.443244    0.444109  0.00386434
           6       0.875    0.418089    0.439772  0.00536311
           7       0.875    0.449339    0.441139  0.00473419
           8       0.875    0.422503     0.43881  0.00471552
           9       0.875    0.447373    0.439761  0.00426616
          10       0.875    0.437231    0.439508  0.00382415
          11       0.875    0.437914    0.439363  0.00346211
          12       0.875    0.445384    0.439865  0.00320004
          13       0.875    0.427926    0.438946  0.00308355
          14       0.875    0.434277    0.438613  0.00287423
          15       0.875    0.443033    0.438908  0.00269193
          16       0.875    0.427085    0.438169  0.00262425
          17       0.875    0.446106    0.438636  0.00250888
          18       0.875    0.439784    0.438699  0.00236626
          19       0.875    0.445197    0.439041  0.00226423
          20       0.875    0.432035    0.438691  0.00217642
           1        0.95    0.416911    0.416911           0
           2        0.95    0.424133    0.420522  0.00361095
           3        0.95    0.406754    0.415933  0.00504076
           4        0.95    0.446365    0.423541  0.00840172
           5        0.95    0.450412    0.428915  0.00844008
           6        0.95    0.417917    0.427082  0.00713091
           7        0.95    0.431228    0.427674  0.00605576
           8        0.95    0.390804    0.423066  0.00698177
           9        0.95    0.446929    0.425717  0.00670396
          10        0.95    0.430069    0.426152  0.00601198
          11        0.95    0.458081    0.429055   0.0061642
          12        0.95    0.429957     0.42913  0.00562762
          13        0.95    0.424907    0.428805  0.00518684
          14        0.95    0.431009    0.428963  0.00480466
          15        0.95    0.429766    0.429016  0.00447322
          16        0.95    0.421496    0.428546  0.00421063
          17        0.95    0.448711    0.429732  0.00412923
          18        0.95    0.418515    0.429109  0.00394264
          19        0.95    0.421374    0.428702  0.00375152
          20        0.95    0.423626    0.428448  0.00356804
           1       1.025    0.418658    0.418658           0
           2       1.025      0.4153    0.416979  0.00167919
           3       1.025    0.397297    0.410418  0.00663182
           4       1.025    0.431532    0.415697  0.00706053
           5       1.025    0.426275    0.417812  0.00586401
           6       1.025    0.399071    0.414689  0.00571676
           7       1.025    0.421288    0.415632  0.00492267
           8       1.025    0.388478    0.412237  0.00544928
           9       1.025    0.394183    0.410231  0.00520768
          10       1.025    0.436172    0.412825  0.00533151
          11       1.025    0.434833    0.414826  0.00522106
          12       1.025    0.420801    0.415324  0.00479209
          13       1.025    0.408954    0.414834  0.00443523
          14       1.025     0.41471    0.414825  0.00410624
          15       1.025    0.408108    0.414377  0.00384884
          16       1.025    0.407162    0.413926  0.00362839
          17       1.025    0.418317    0.414185  0.00341805
          18       1.025     0.42572    0.414826  0.00328567
          19       1.025    0.401695    0.414134  0.00318384
          20       1.025    0.416726    0.414264  0.00302324
           1         1.1    0.393966    0.393966           0
           2         1.1    0.403735    0.398851  0.00488447
           3         1.1    0.380515    0.392739  0.00673106
           4         1.1    0.407589    0.396452  0.00603623
           5         1.1    0.408172    0.398796  0.00523031
           6         1.1    0.388795    0.397129  0.00458427
           7         1.1    0.403722    0.398071  0.00398726
           8         1.1     0.38059    0.395886  0.00408638
           9         1.1    0.387684    0.394974  0.00371727
          10         1.1    0.395136     0.39499  0.00332487
          11         1.1     0.40902    0.396266  0.00326673
          12         1.1    0.396165    0.396258  0.00298212
          13         1.1    0.386241    0.395487   0.0028493
          14         1.1    0.403714    0.396075  0.00270259
          15         1.1    0.397198     0.39615  0.00251709
          16         1.1    0.392953     0.39595  0.00236299
          17         1.1    0.408141    0.396667  0.00233261
          18         1.1     0.38944    0.396265  0.00223555
          19         1.1    0.400627    0.396495  0.00212705
          20         1.1    0.384611    0.395901  0.00210355
           1       1.175    0.385369    0.385369           0
           2       1.175    0.387253    0.386311 0.000941746
           3       1.175    0.375428    0.382683  0.00366821
           4       1.175    0.386861    0.383728  0.00279617
           5       1.175    0.386404    0.384263  0.00223109
           6       1.175     0.39003    0.385224  0.00205972
           7       1.175    0.366885    0.382604  0.00314549
           8       1.175    0.367669    0.380737  0.00330242
           9       1.175    0.361586    0.378609  0.00360705
          10       1.175    0.369255    0.377674  0.00335911
          11       1.175    0.372988    0.377248  0.00306815
          12       1.175    0.382017    0.377645  0.00282887
          13       1.175    0.378565    0.377716  0.00260315
          14       1.175    0.368724    0.377074  0.00249416
          15       1.175    0.372924    0.376797  0.00233836
          16       1.175    0.379426    0.376962  0.00219349
          17       1.175    0.376955    0.376961  0.00206043
          18       1.175    0.391464    0.377767  0.00210304
          19       1.175     0.38221    0.378001  0.00200297
          20       1.175    0.364077    0.377305   0.0020237
           1        1.25     0.36023     0.36023           0
           2        1.25    0.367721    0.363976  0.00374562
           3        1.25     0.36399     0.36398  0.00216254
           4        1.25    0.361478    0.363355  0.00165216
           5        1.25    0.358302    0.362344  0.00163071
           6        1.25    0.360606    0.362054  0.00136263
           7        1.25    0.342751    0.359297  0.00298842
           8        1.25    0.367456    0.360317  0.00278178
           9        1.25     0.35994    0.360275  0.00245366
          10        1.25    0.361567    0.360404  0.00219842
          11        1.25    0.348995    0.359367  0.00224279
          12        1.25    0.350953    0.358666  0.00216412
          13        1.25    0.357397    0.358568  0.00199309
          14        1.25    0.365891    0.359091  0.00191794
          15        1.25    0.358338    0.359041  0.00178621
          16        1.25     0.35411    0.358733  0.00169904
          17        1.25    0.373895    0.359625  0.00182827
          18        1.25    0.364611    0.359902  0.00174583
          19        1.25    0.362109    0.360018  0.00165547
          20        1.25    0.345828    0.359308  0.00172333
           1       1.325    0.332814    0.332814           0
           2       1.325    0.345876    0.339345  0.00653065
           3       1.325    0.327623    0.335438  0.00542985
           4       1.325     0.34142    0.336933  0.00412046
           5       1.325    0.343255    0.338198  0.00343298
           6       1.325    0.333807    0.337466  0.00289695
           7       1.325    0.328838    0.336233  0.00274113
           8       1.325    0.336318    0.336244  0.00237392
           9       1.325    0.324908    0.334984   0.0024433
          10       1.325    0.333927    0.334879  0.00218792
          11       1.325     0.33394    0.334793  0.00198088
          12       1.325    0.337225    0.334996  0.00181961
          13       1.325      0.3361    0.335081  0.00167595
          14       1.325    0.350573    0.336187   0.0019058
          15       1.325     0.33205    0.335912  0.00179552
          16       1.325    0.340638    0.336207  0.00170533
          17       1.325    0.352554    0.337169  0.00186833
          18       1.325      0.3339    0.336987  0.00177081
          19       1.325     0.34075    0.337185  0.00168669
          20       1.325    0.329321    0.336792  0.00164773
           1         1.4    0.311275    0.311275           0
           2         1.4    0.315789    0.313532  0.00225695
           3         1.4     0.31889    0.315318  0.00221084
           4         1.4    0.322532    0.317121  0.00238674
           5         1.4    0.317365     0.31717   0.0018494
           6         1.4    0.312361    0.316369  0.00170954
           7         1.4    0.313329    0.315934  0.00150866
           8         1.4    0.316632    0.316022  0.00130945
           9         1.4    0.308346    0.315169  0.00143563
          10         1.4     0.31442    0.315094  0.00128625
          11         1.4    0.316486     0.31522  0.00117032
          12         1.4      0.3126    0.315002  0.00109043
          13         1.4     0.32047    0.315423  0.00108766
          14         1.4     0.32325    0.315982  0.00115177
          15         1.4    0.315957     0.31598  0.00107224
          16         1.4    0.324462     0.31651  0.00113448
          17         1.4    0.329779    0.317291  0.00132093
          18         1.4    0.313591    0.317085  0.00126223
          19         1.4    0.315692    0.317012   0.0011962
          20         1.4    0.306259    0.316474  0.00125574
           1       1.475    0.297439    0.297439           0
           2       1.475    0.301839    0.299639  0.00219991
           3       1.475    0.291481     0.29692  0.00300139
           4       1.475    0.303411    0.298543  0.00267169
           5       1.475    0.297435    0.298321   0.0020813
           6       1.475    0.297108    0.298119  0.00171137
           7       1.475    0.300489    0.298458  0.00148547
           8       1.475     0.30489    0.299262  0.00151709
           9       1.475    0.290029    0.298236    0.001686
          10       1.475    0.298548    0.298267  0.00150832
          11       1.475    0.298423    0.298281   0.0013644
          12       1.475    0.293391    0.297874   0.0013105
          13       1.475    0.294231    0.297593  0.00123763
          14       1.475    0.305161    0.298134  0.00126692
          15       1.475    0.293778    0.297843  0.00121466
          16       1.475    0.306277    0.298371  0.00125251
          17       1.475    0.304086    0.298707  0.00122363
          18       1.475    0.294755    0.298487  0.00117435
          19       1.475    0.305206    0.298841  0.00116575
          20       1.475    0.294274    0.298613  0.00112926
           1        1.55     0.27481     0.27481           0
           2        1.55    0.285375    0.280092  0.00528227
           3        1.55    0.274636    0.278273   0.0035509
           4        1.55     0.28272    0.279385  0.00274593
           5        1.55    0.276844    0.278877  0.00218685
           6        1.55    0.276478    0.278477  0.00182977
           7        1.55    0.278936    0.278543  0.00154783
           8        1.55    0.278061    0.278482  0.00134181
           9        1.55    0.274818    0.278075  0.00125145
          10        1.55    0.286159    0.278884  0.00138071
          11        1.55    0.286699    0.279594  0.00143684
          12        1.55    0.275381    0.279243  0.00135782
          13        1.55    0.283291    0.279554  0.00128724
          14        1.55    0.284932    0.279939  0.00125213
          15        1.55    0.275748    0.279659  0.00119867
          16        1.55     0.28245    0.279834  0.00113474
          17        1.55    0.284549    0.280111  0.00110139
          18        1.55     0.27929    0.280065  0.00103941
          19        1.55    0.286705    0.280415  0.00104343
          20        1.55    0.282707    0.280529   0.0009965
           1       1.625    0.258599    0.258599           0
           2       1.625    0.268099    0.263349  0.00474985
           3       1.625    0.256211    0.260969  0.00363064
           4       1.625    0.267944    0.262713  0.00310342
           5       1.625    0.266037    0.263378  0.00249412
           6       1.625    0.266439    0.263888   0.0020994
           7       1.625    0.264836    0.264024  0.00177948
           8       1.625    0.261702    0.263733  0.00156815
           9       1.625    0.260104     0.26333  0.00144057
          10       1.625    0.272802    0.264277  0.00159919
          11       1.625    0.261454    0.264021  0.00146912
          12       1.625    0.259615    0.263654  0.00139046
          13       1.625    0.260773    0.263432   0.0012981
          14       1.625    0.259911     0.26318  0.00122784
          15       1.625    0.267794    0.263488  0.00118371
          16       1.625    0.263996     0.26352  0.00110772
          17       1.625    0.274974    0.264194  0.00123961
          18       1.625    0.266985    0.264349  0.00117896
          19       1.625    0.264093    0.264335  0.00111526
          20       1.625    0.259802    0.264109  0.00108203
           1         1.7    0.244198    0.244198           0
           2         1.7    0.248825    0.246511  0.00231332
           3         1.7    0.246774    0.246599  0.00133846
           4         1.7    0.246241    0.246509 0.000950664
           5         1.7    0.250597    0.247327  0.00110023
           6         1.7    0.247947     0.24743  0.00090425
           7         1.7    0.244955    0.247076 0.000842077
           8         1.7    0.245573    0.246889 0.000753081
           9         1.7    0.247548    0.246962 0.000668184
          10         1.7    0.253679    0.247634 0.000899127
          11         1.7    0.248874    0.247746 0.000821072
          12         1.7    0.247241    0.247704 0.000750713
          13         1.7    0.240424    0.247144 0.000889108
          14         1.7    0.244893    0.246983 0.000838708
          15         1.7    0.253462    0.247415 0.000892304
          16         1.7    0.249958    0.247574 0.000849666
          17         1.7    0.248794    0.247646  0.00080134
          18         1.7    0.241737    0.247318 0.000823753
          19         1.7    0.250694    0.247495 0.000799193
          20         1.7    0.244863    0.247364 0.000769518
           1       1.775    0.233825    0.233825           0
           2       1.775    0.235279    0.234552 0.000726713
           3       1.775    0.230828    0.233311  0.00131025
           4       1.775    0.230031    0.232491  0.00123719
           5       1.775    0.235043    0.233001  0.00108575
           6       1.775    0.238849    0.233976  0.00131753
           7       1.775    0.228274    0.233161  0.00137967
           8       1.775    0.234097    0.233278  0.00120054
           9       1.775    0.238939    0.233907   0.0012315
          10       1.775    0.239723    0.234489  0.00124561
          11       1.775    0.234379    0.234479  0.00112675
          12       1.775    0.236358    0.234635  0.00104042
          13       1.775    0.235228    0.234681 0.000958133
          14       1.775    0.237108    0.234854 0.000903839
          15       1.775    0.232237     0.23468  0.00085933
          16       1.775    0.235375    0.234723 0.000805002
          17       1.775    0.230904    0.234499 0.000788835
          18       1.775    0.233723    0.234455 0.000744968
          19       1.775    0.233478    0.234404 0.000706543
          20       1.775    0.235743    0.234471 0.000673618
           1        1.85    0.223377    0.223377           0
           2        1.85    0.226109    0.224743  0.00136589
           3        1.85    0.222853    0.224113   0.0010094
           4        1.85    0.213462     0.22145  0.00275671
           5        1.85    0.222075    0.221575  0.00213899
           6        1.85    0.222397    0.221712  0.00175184
           7        1.85    0.219393    0.221381  0.00151718
           8        1.85    0.216266    0.220741  0.00146123
           9        1.85    0.221826    0.220862   0.0012943
          10        1.85    0.223055    0.221081  0.00117824
          11        1.85    0.218505    0.220847  0.00109118
          12        1.85     0.21882    0.220678  0.00101033
          13        1.85    0.224145    0.220945 0.000966875
          14        1.85    0.225721    0.221286 0.000957949
          15        1.85    0.219524    0.221168 0.000899507
          16        1.85    0.220614    0.221134 0.000842124
          17        1.85    0.218162    0.220959 0.000810125
          18        1.85    0.223657    0.221109 0.000778363
          19        1.85    0.220668    0.221086 0.000736624
          20        1.85    0.222119    0.221137  0.00070073
           1       1.925    0.213572    0.213572           0
           2       1.925    0.208793    0.211183  0.00238961
           3       1.925     0.20937    0.210578   0.0015062
           4       1.925    0.204757    0.209123  0.00180335
           5       1.925    0.210682    0.209435  0.00143127
           6       1.925    0.211356    0.209755  0.00121169
           7       1.925    0.211597    0.210018  0.00105734
           8       1.925    0.203405    0.209192   0.0012336
           9       1.925    0.204567    0.208678  0.00120316
          10       1.925    0.215559    0.209366  0.00127732
          11       1.925    0.205445    0.209009   0.0012091
          12       1.925    0.200392    0.208291  0.00131679
          13       1.925    0.208471    0.208305  0.00121135
          14       1.925    0.210089    0.208433   0.0011287
          15       1.925    0.208915    0.208465  0.00105126
          16       1.925    0.208977    0.208497 0.000983881
          17       1.925    0.210726    0.208628 0.000933449
          18       1.925    0.208756    0.208635 0.000880093
          19       1.925    0.211385     0.20878 0.000844973
          20       1.925    0.216293    0.209155 0.000885281
           1           2    0.199748    0.199748           0
           2           2    0.200915    0.200332 0.000583515
           3           2    0.197506     0.19939  0.00100046
           4           2     0.19728    0.198862 0.000882353
           5           2    0.199608    0.199011  0.00069954
           6           2    0.197703    0.198793 0.000611375
           7           2    0.194427     0.19817 0.000809982
           8           2    0.197091    0.198035 0.000714302
           9           2    0.195206     0.19772 0.000704032
          10           2    0.197599    0.197708 0.000629823
          11           2    0.195002    0.197462 0.000620566
          12           2    0.192159     0.19702 0.000718501
          13           2    0.192531    0.196675 0.000745715
          14           2    0.196612     0.19667 0.000690412
          15           2    0.200369    0.196917 0.000688406
          16           2    0.197248    0.196938 0.000644277
          17           2    0.198956    0.197056 0.000616725
          18           2    0.193336     0.19685 0.000617106
          19           2    0.197994     0.19691 0.000586822
          20           2    0.194054    0.196767 0.000574728
